772226410





000001
000001
000001
000001
100000
000001
100000
100000
100000
000001
000001
100000
000001
100100
100000
100000
000001
100000
100000
000001
010001
100100
000001
000001
100000
100100
000011
100100
000001
100100
100100
101100
100000
000001
100100
100100
000001
100000
100000
000001

00010001100100
00000000001001
00000000000001
10010001100000
00000000000001
00000000000011
00010001100100
00010001100100
00010001100100
00010001100000
00010001100100
00000000000011
01010001110000
00000000000011
00000000000011
00000000000001
00010001100100
00110001100000
00010001100100
00010001100100
00010001100100
00010001100000
00010001100100
00000000000011
00000000000011
00000000000001
10010001100000
00000000000001
00000010000001
00010001100100
00000000000001
00001000000001
00000000000001
00001000000001
00110001100000
00010001100100
00010001100000
01010101100000
00010001100100
00000000000001

00000011101000
00000010001000
01000000010100
00000000000010
00000010001000
00000010001000
00001010001000
00000000000010
00010000000010
00000010101000
01000000010101
00000000000010
01000000010100
00000010001000
00000010001000
00010000000010
00000010001000
10100000000010
00001010001000
00010000000010
00000000010100
00000000010100
00010000000010
00000010001000
00010000000010
00000000000010
00000000000010
00000000000010
00010000000010
00000100000010
00000000000010
00000010001000
00000010001000
00000010001000
00000000000010
01000000010100
00000000000010
00000000000010
00000010001000
01000000010101

111000000000
000000000001
000010101100
000010111100
000000000000
101000000000
000000000000
000010101100
111000000000
101001000000
000000000000
000000000000
000000000000
111000000000
000000000000
000010111100
111000000000
101000000000
101001000000
000000000000
101000000000
101000000000
000100000000
101000000000
000000000000
000000000000
000010101100
101001000000
101000000000
101000000000
000000000000
000000000000
000000000000
000010101100
000010101100
000000000000
000000000000
000010101110
101000000000
000000000000

0000000000000
1000000000001
0000000000000
0000010001000
0000000000000
0000000000000
0000000000000
0010000000000
0000000000000
0000010001000
0000010001000
0000000000000
0000000000000
0000000000000
0010000000000
0000000000000
0000110001000
0000010001000
0000000000000
0000010001000
0010000000000
0101001110110
0000000000000
0000000000000
0000000000000
0000000000000
0000000000000
0000000000000
0010000000000
0000000000000
0000000000000
0000000000000
0000010001000
0000000000000
0101001110110
0000000000000
0000000000000
0000010001000
0000000000000
0000000000000

0001
0010
0000
0001
0001
0000
0001
0010
0001
0010
0001
0001
0010
0000
0010
0010
0001
0010
0010
1001
0001
0001
0001
1001
0010
0001
1001
0001
0000
0001
0010
0010
0010
0001
0001
0001
0001
0000
0001
0101

000100
000000
000100
000100
000000
000000
000100
001100
000100
000000
000000
000000
000000
000000
000000
000000
110010
000000
000000
000000
000000
000101
000100
000101
000000
110010
000000
000000
000000
000000
000100
000000
000000
000100
000000
000000
000100
000101
000100
000000

1000000000
0000000000
0000000000
0000000000
0001100000
0011100000
1000000000
0001100000
0000000000
1000000000
0011100000
0011100000
0000000000
0001100000
0001100000
0000000010
0001100000
0000000100
0000000100
0000000100
0000000100
0000000000
0011100000
1000000000
0011110000
1000000000
0000000000
0000000000
0000000000
1000000000
0000000000
0101101000
1000000000
0011110000
0000000000
0101101001
0011100000
0101101000
0000000000
0101101000

1010000000000
1010000000000
1010000000000
1010000000000
1010000000000
1010000000000
1010000010000
1010000000000
1010000000000
1010000001000
1010000010000
1010000000000
1010000000000
1010000000000
1010000000000
1010000000000
1010000000000
1010000000000
1010000000000
1011000000001
1010100000000
1010000000000
1010000000000
1010000000000
0100010100010
1010000000000
1010000000000
1010000000000
1010000000000
0100010100010
1010000000000
1010000000000
1010000000000
1010000000000
1010000000000
1010000000000
0000011100110
1010000000000
1010000000000
1010000000000

0
0
0
0
0
0
0
0
0
0
0
0
0
0
0
0
0
0
1
0
0
0
0
0
0
0
0
0
0
0
0
0
0
0
0
0
0
0
0
0

0010010
0010011
0100010
0010010
0010010
0010010
0010011
0010011
1000000
0010011
0010010
0010010
0010011
1000000
0010010
0010010
0010010
0011011
0010010
0010010
0010110
1000000
1000000
0010010
0010110
0010010
0010010
0010010
0010010
0010010
0010010
0010110
0010010
0010010
0010010
0010010
0010011
0010010
0010010
0010110

10100
10100
10100
10100
00000
10100
10100
10100
10100
00000
00000
10100
10100
00001
10100
10100
10100
00001
10100
10100
10100
10100
10100
10100
10100
10100
10100
00000
10100
00001
10100
11100
00000
00000
10100
10100
00010
10100
00000
10100

0010000100
0000000000
0011000110
0010001100
0010000100
0010000100
0000000000
0010001100
0010000100
0000000000
0010001100
0010010100
0010000100
0000000000
0000000000
0010001101
0010000100
0010100100
0010000100
0000000000
1110000100
1110000100
0010100100
0010000100
0000000000
0010000100
0010100100
0010001100
0010100100
0010001100
0010000100
0010000100
0010000100
0010001100
0010000100
0010000100
0010100100
0010100100
0010001100
0010000100

00101000
00000010
00000010
00000010
00000010
00000010
00000010
00101000
00000010
00000010
00000110
00000010
00000010
00000010
00000000
00101000
00101000
00101000
00000000
00000000
10010000
00000010
00101000
00000010
00000010
00000110
10010000
00101000
00000010
00000000
00101000
01000000
00000010
00000011
00000010
00000010
00000010
00000000
00000010
00000010

0000000
0000001
0000000
0010000
0100000
0000000
0000000
0000000
0000000
0001100
0010000
0000000
0010000
0100000
0010000
0100000
0100000
0000000
0100000
0000000
1000000
1000000
0000000
0000000
0001100
0001100
0000010
0100000
0000000
1000000
1000000
0000000
0001100
1000000
0001100
1000000
0001100
0000000
1000000
0001100

1000000000
1000000000
0000000110
1000000000
0000000110
1000000000
1000000000
0000000110
1000000000
1001000000
0000000110
0010000110
0000000110
1000000000
0000000110
1000000000
0000000110
1000100000
0000000110
1000000000
1000000000
1001000000
1000000000
1000000000
1000000001
1000000000
1100000000
0000010110
0000000110
0000000110
1000000000
1000001000
1001000000
0000000110
0000000110
1000000000
1000000000
0000000110
1000000000
1000000000

001100000
001000000
100001000
100001000
100011000
000000111
000000111
001100000
100001000
000000111
000000111
100011000
001100000
001000000
011000000
001100000
000000111
000000111
001100000
011000000
001000000
100001000
100011000
000000111
100011000
000000111
100011000
001000000
000000111
100011000
001100000
100011000
011000000
100001000
011000000
100011000
000000111
000000111
011000000
100011000

100100
000010
000010
100100
000010
010010
100100
000010
100100
000010
001010
010010
000010
000010
100100
001010
000010
000010
001010
000010
100100
010010
010010
000010
010011
100100
000010
000010
100100
100100
000010
010010
001010
100100
000010
100100
010010
100100
000010
010010

10000000000
00000111101
00000101101
00000101101
01000101100
00000101100
01000101100
10000000000
00000101100
00000101100
00000101100
00000101100
00000101100
00000101100
00000101100
01000101100
01010101100
00000101101
01000101100
00000101101
00000101100
10000000000
10001000000
10000000000
01000101100
00000101100
01000101110
10000000000
10000000000
10100000000
10000000000
00000101100
01000101100
10100000000
01000101100
10100000000
10000000000
01000101100
00000101100
10000000000

00110000
00110000
00110000
01000001
01000001
01000001
00110000
00110000
01000001
01000001
00110000
10110000
00110000
00110000
00110100
01000001
00111000
00110000
00110000
01000001
00110100
00110000
00110000
00111000
00110000
00110000
00110000
01000001
01000001
01000001
00110000
00110000
00110000
00110010
00110100
00110100
00110100
00110000
00110100
00110000

001000001000
001000000000
010000010000
001000001100
001000001100
001000001100
001000001100
001000001100
001000000010
001000000000
001000001100
001001000000
001000001100
001001000000
001000000010
010000010000
001000001100
001001000000
001000100010
001000001100
010000010000
001000000010
001000001100
001010001100
001000001100
001000001100
101100000011
001001000000
001000001100
001000001100
101100000011
001000001100
001000001100
001000000010
001000001100
001000001100
001000001100
001000001100
001000000000
001000001100

0
0
0
0
0
0
0
0
0
0
0
0
0
0
0
0
0
0
0
0
0
1
0
0
0
0
0
0
0
0
0
0
0
0
0
0
0
0
0
0

001000
001000
001000
000100
001000
100010
110000
000100
001000
000100
001000
110000
000100
100010
000100
001000
000100
001000
000101
100010
100000
001000
000100
000100
001000
000100
000100
100010
001000
001000
001000
001000
100000
001000
000100
100000
000100
001000
100000
001000

000100
100100
000111
000100
001100
000100
000000
000000
000000
000100
010100
000000
000000
000100
000100
000100
000100
000111
000000
000000
000100
000000
100100
000111
000100
000100
000100
000000
000111
000100
100100
000100
000100
000100
000100
000111
000100
000100
000100
000000

00000
00000
01000
00000
01000
00000
00000
00000
00000
00000
01000
00000
00111
00000
01000
00000
00111
00000
00111
00000
10000
00000
00000
00000
00000
00000
00000
00111
10000
00000
00000
00000
00000
00000
00111
00111
00000
00000
00000
01000

01000011000000
10000100001000
01000011000000
10000000001000
10000000001000
10000000001000
10000000001000
10000000001000
01000011000000
10000000101000
10000000001000
10000000001000
10000000001000
00110011000100
10000000001000
01000011000000
10000000001000
10000000001010
10000000001000
10000000001000
01000011010000
01000011000000
10000000001010
10000000001000
10000100001000
10000000001000
10000000001000
01000011000000
10000000001001
10001000001010
01000011000000
01000011000000
10000000001000
10000000001000
01000011000000
01000011000000
10000000001000
10000000001000
10000000001000
01000011000000

00
10
00
00
00
00
00
00
00
00
00
00
00
01
00
00
00
00
00
00
00
00
00
00
00
00
01
00
00
00
00
00
00
00
00
00
00
00
00
00

0001
0001
0110
0001
0001
0001
0001
0001
1001
0001
0001
0001
0001
0001
0001
0001
0001
0001
0001
0001
0001
0001
0001
0001
0001
0001
0001
0001
0001
0001
0001
0001
0001
0001
0001
0001
0001
0110
0001
0001

00110100
01000010
01000010
00110100
01000000
01000000
00110100
00110100
00110101
01000010
00110100
00110100
10110100
00110100
00110100
01000000
00110100
00110100
01000000
10110100
01000000
00110100
00110100
01000000
01000010
01000000
00110100
00110100
01000000
01000000
00110100
00110100
00110100
01000010
01000000
01000010
01000000
01000000
00111100
01000000

0001010
0001010
0001010
0001010
0001010
1001010
0001010
0001010
0001010
0001010
0001010
0001010
1001010
0001010
1001010
0001010
0001010
0001010
0001010
0001010
0001010
0001010
0001010
0001010
0001010
0100101
0100101
0100101
0001010
0001010
0001010
0001010
0001010
1001010
0001010
0001010
0001010
0001010
0011010
0001010

00100010001010
01000010001000
01000010001000
00000000000101
00100010001010
10000000000001
00000000000001
00000010001000
00000000010001
01000010001000
00000000100001
01000010001000
00101010001010
00101010001010
00100010001010
00000000010001
00000000000101
00000000000001
00000000000101
01000010001000
00010000000001
00000000000001
00000000000001
00000000000001
00000000000001
00101010001010
00000010001000
00000000000001
00000000000001
01000010001000
00100010001010
00000100000001
00000000000001
00100010001010
00000000000001
01000010001000
00010000000001
00000001000000
00010000000001
00000000000101

01
10
00
01
00
00
00
01
01
01
01
01
01
00
01
00
01
00
01
01
00
00
00
00
00
00
01
00
10
10
01
00
00
01
00
00
00
01
00
00

0000000
0000000
0000000
0000000
0000000
0000000
0000000
0010010
0000100
0100000
0101000
0000000
0000000
0000000
0000000
1000000
0000000
0000000
0000000
0000000
0000100
0000100
0000000
0000000
0000000
0100000
1000000
0000000
0000000
0000000
1000000
1000000
0000000
0000000
1000000
0000000
0000001
0100000
0000100
1000000

0000
0000
0000
1000
0010
0010
0100
0000
0100
0001
0010
0000
0100
0010
0010
0000
0001
0010
0100
0000
0000
0010
0010
0010
0010
0010
0010
0000
0010
0000
0000
0010
0100
0000
0000
0000
0010
0000
0010
0000

1000
0000
0000
0000
0000
0000
0000
0000
0000
0000
0001
0000
0000
0000
0100
0000
1000
0000
0000
0000
0000
0000
1000
0010
1000
1000
0000
0000
0000
0000
0000
0000
0000
0000
1000
1000
0000
0000
0000
0000

000100
101001
000100
101001
101001
101001
101001
101001
101001
000110
101001
101001
101001
101001
101001
101001
101001
101001
000100
000100
000100
000100
101001
101001
101001
101001
101001
000110
101001
101001
101001
101001
000100
101001
101001
101001
000100
101001
101001
010100

00000
00000
00000
00000
00000
00000
10000
00010
00000
10000
10000
00001
00000
00001
00000
10000
00001
00001
10000
00000
00000
11000
00001
10000
10000
00001
00000
00100
00000
00000
00000
00000
00100
00000
00000
00000
00000
00000
00000
00001

00110000010000101
01001000101001010
01000100001011010
01000100001011010
01000110001011010
11000000001101010
01000000001001010
01000000001001010
01000100001011010
01000100001011010
01000000001001010
01000000101001010
01000000101001010
01001000101001010
01000000001001010
01001000101001010
01000100001011010
01000000001001010
01000100001011010
01000100001011010
01000000101001010
00110000010000101
01000100001011010
01000100001011010
01000100001011010
01000100001011010
01000101001011010
01000100001011010
01000000101001010
00110000010000101
01000000101001010
01001000101001010
00110000010000101
01000100001011010
01000100001011010
01000000001001010
01000000101001010
11000000001101010
01000000101001010
01000100001011010

0000000001
1100000000
1100000000
0000010100
1100000000
0000000001
0000000001
0000000001
0000000001
1100000000
1100000000
0000000001
0000010100
1100000000
1100000000
0000000001
0000000011
1100000000
1110000000
1100000000
1100000000
1100000000
0000000001
0000001001
0000000001
0000000001
0000000001
0000000001
0000000001
0000000011
0000000001
1110000000
1100000000
0000000001
0000000001
1100000000
0001100100
0000000001
0000000011
0000000001

00111000
11000011
00101000
11000011
11000000
11000000
00101000
11000000
00101000
00101000
00000000
00101000
00101000
11000000
00101000
00000100
00101000
00101000
00000100
11000000
00101000
00101000
00000000
00101000
00000000
00000000
00101000
00101000
00101000
00101000
00101000
00101000
11000000
00101000
00101000
11000000
00101000
00101000
11000011
00101000

001100000
110011001
001100000
110011000
110011001
110011000
001100000
110011001
110011001
110011000
001100000
001100000
110011001
110011000
110011001
110011000
110011010
110011001
110011001
001100000
110011000
110011001
110011000
001100000
001100100
110011000
110011001
110011000
110011001
110011001
110011001
110011001
110011000
110011000
001100000
001100000
110011001
110011001
110011001
110011001

010000010000
000000010010
000000010010
000000011010
000000011010
000000010000
000000010010
000010010000
000010010000
000000011010
000000011010
010000010000
000000010000
000000110010
000000011010
000000010010
000000011010
000000010000
000010010000
000000010010
000000010100
000000010000
000000000001
000000000000
000000010010
000000000000
100000010000
000000000001
000000010010
000000010010
000001000000
000000010010
001100010000
100000010000
000000010100
000000011010
000000010010
000000000000
000000010100
000000000001

0111010101000010111011
0111010101000010111011
0111010101000010101011
0111010101100010101011
0111010101000010111011
0111010101000010111011
0000101010001001000100
0000101000001001000100
0111010101000010111011
0111010101100010101011
0111010101000010101011
0111010101000010101011
0111010101000010101011
0111010101000010101011
0000101000001001000100
0111010101100010101011
0000101000011001000100
0111010101000010101011
0111010101000010101011
0111010101000110101011
0111010101100010101011
0111010101000010101011
0111010101000010101011
0111010101000010111011
0111010101100010101011
0111010101100010101011
0111010101100010101011
1111010101000010111011
0111010101000010101011
0111010101000010101011
0111010101100010101011
0111010101000010101011
0111010101100010101011
0111010101100010101011
0111010101000010111011
0111010101000010101011
0111010101100010101011
0000101000001001000100
0111010101100010101011
0111010101000010101011

010000000001
011000000001
100011101010
010000000001
010000000001
011000000001
100010000010
100010101010
010100000101
011000000001
011000010001
100010101010
100011101010
011000010001
100011101010
100010001010
010000000101
010000000101
011000010001
011000000001
100010000010
100010000010
011000000001
010000000001
011000010001
100010101010
100010101010
010000000001
011000000001
010000000001
100010000010
010000000101
100010000010
100010000010
010000000001
011000000001
100010000010
010000000001
100010101010
100010000010

000000000110
000000110100
000001000000
000100000000
000000000100
000100000000
000000000100
100000000000
000001000000
000100000000
000100000000
000000000110
000100000000
000000000110
000000000000
000010000100
000100000000
000000000000
000010000100
001000001001
100000000000
000010000100
000010000100
000000000110
000010000100
010000000110
000000000000
000000000110
000000000000
000000000110
000000000110
100000000000
000000000110
100000000000
000010000100
000001000000
000000000000
001000001001
000000000100
000010000100

0000000
1000000
1000000
1000000
0000000
1001000
0000000
1010000
1000000
1000000
1001000
1001000
0000000
1000000
1010000
1000000
1000000
1000000
1000000
1001000
1001000
1001000
1001000
1000000
0000010
0100000
0100000
0100000
0000100
0100000
1001000
1000000
1001000
0000001
1001000
1001000
1010000
1001000
1000000
1000000

1100001
0000000
0010000
0010100
0000000
0000000
0000000
0010100
1000000
0000000
0000000
0010100
0000000
0000000
0000000
0010100
1000000
0010100
0000000
1001000
0000010
1100001
0010100
0000010
0010100
0010100
0010100
1000000
1100001
0000000
0000000
1000000
0000000
0000000
0000000
1100001
0000000
0010100
0010100
0010100

00001001110101
00001001110100
10100010000000
00100010000000
00001001100110
10100010000000
00100010000000
00001001100100
10100010000000
10100010000000
10100010000000
00001001110101
00001001110101
10100010000000
00001001100100
00100010000000
00001001110101
00001001110101
00100010000000
11100010001000
10100010000000
10100010000000
10100010000000
10100010000000
10100010000000
00001001110101
00001001100100
00001001100100
00100010000000
10100010000000
00100110000000
00100010000000
10100010000000
10110010000000
00001001100100
00001001110101
10100010000000
10100010000000
00100010000000
10100010000000

001110
000000
000100
100100
000000
000000
100100
000000
000000
000000
000110
000000
000000
100100
100100
000000
000100
000110
000110
001110
000000
100100
000110
100100
000110
010110
001110
001110
000000
010110
000110
000110
000000
000111
000110
000000
100100
000000
000000
000000

00000
00101
00000
00000
00000
00001
00000
00000
10000
01010
00000
00000
00101
00001
00000
00000
00101
00000
01010
00000
00000
00000
00000
00000
00000
00101
00000
00001
00000
00101
00000
00000
00000
00000
00000
00000
00000
00000
00000
00000

10001010000100
10000010000100
10000000000001
10000000000000
10000000000000
01100000000000
10000010000100
01100000010000
01100000000000
01100000000000
10000010000100
10000010001100
10000010000100
10000010000100
10000000000000
10000000000000
10001010000100
10000010000100
01100000010000
10001010000100
01100000010000
10000000000001
10000010100100
10000010000100
10000000000001
10001010000100
01100000000010
10000000000001
01100100000000
10000010000100
10000010000100
10000000000000
10000010000100
01110001010000
01100000000010
10000000000000
10000010000100
01100000000010
10000000000000
10000000000001

111010100
000000011
101011000
111010100
000000011
101011000
000000011
101011000
111010100
101011000
101011000
101011000
111010000
101011000
111010100
101011000
000100011
111010100
111010100
101011000
111010100
101011000
111010000
000000011
000000011
101011000
000000011
000100011
000000011
111010000
111010000
111010100
101011000
111010000
111010000
111010100
111010000
000000011
111010000
111010000

00001
00000
00000
00000
00001
00000
00011
00011
00011
00000
00001
00001
00001
00000
00011
00000
00001
00001
00001
00000
00001
10001
00011
00100
00001
01000
00000
00011
00001
00001
00001
00000
00001
00000
00000
00000
00001
00000
00000
00001

00101
00001
10000
00000
01000
00000
10000
00000
00000
00000
00000
00000
10000
00000
10000
00000
00101
00001
00010
00001
00000
00000
00000
00000
00001
00000
00010
00000
00000
00001
00000
00000
00001
00000
00000
01000
00001
00000
00000
00001

00100000000000
10010110000000
00100000000000
00001000010101
00000000010101
00010100000010
00100000000000
00000000010101
00000000000000
00000000001000
10010110000000
00000000010101
00100000000000
00000000000000
00000000000000
00000000000000
00000000001000
00010100000010
00100000000000
00000000000000
11010110000000
00000000110101
00000000000000
00010101000010
11010110000000
00000000000000
00100000000000
11010110000000
00000000000000
00010100000010
11010110000000
00000000000000
10010110000000
00100000000000
00010100000010
00100000000000
10010110000000
00100000000000
00000000000000
00100000000000

0011101000001
0000010010000
1000000010110
0111101000001
0011101000001
1000000010110
0011101000001
0000000111100
0011101000001
1000000010110
0000000111100
0011101000001
0000000111100
1000000010110
1000000010110
0000000111100
0000010010000
1000000010110
1000000010110
0011101000001
0011101000001
0111101000001
0000000111100
1000000010110
0000010010000
1000000010110
0011101000001
0111101000001
0011101000001
1000000010110
0111101000001
0000000111100
0011101000001
1000000010110
0011101000001
0011101000001
0011101000001
1000000010110
0111101000001
0011101000001

01001110
01001110
01001110
01000110
01000110
01000110
01001110
10000001
01001110
10000001
10000001
01000110
01001110
01010110
01000110
01000110
10000001
01000110
01000110
01000110
01000110
01001110
01000110
10000001
01000110
01001110
01001110
01001110
10000001
01000110
01000110
01000110
01000110
01101110
01001110
01000110
01000110
01000110
01000110
10000001

110000000
010000000
010000000
010000010
011000000
010000000
010000010
010000010
010000010
010000010
011000000
010000010
010000010
010000000
010000000
011000000
010000000
010000010
010000010
010010000
000101001
010000000
110000000
010010000
010000110
011000000
011000000
000101001
000101001
000101001
011000000
010000010
010010000
011000000
010010000
000101001
010000110
010000010
011000000
000101001

100000
001000
100000
100000
100000
100000
100000
100000
100000
000000
100000
010100
100000
010100
100000
100000
000000
100000
100000
100000
100000
100001
100000
100000
001000
100000
000000
010100
001000
001000
100000
100000
000000
100000
010100
000010
100000
001000
100000
100000

0100001000000001
1000100010010000
1000100010010010
0001001100000001
0001001100000001
0100001000000001
1010100010010000
0001001100000001
0100001001000001
1000110010110000
1000100010010000
1000110010110000
1000110010110000
0001001100000001
1000100010010100
1000100010011010
1000100010010000
1000100010010000
0100001000000001
0100001000000001
1000100010010000
0100001000000001
0100001000000001
1000100010010010
1000100010011010
0001001100000001
0100001000000001
1000100010010000
0100001000000001
0100001000000001
0001001100000001
0001001100000001
1000100010010000
1000100010010000
0100001000000001
0001001100000001
0001001100000001
1000100010010000
1000100010010000
1000100010011010

100000000000000001
100000000000000001
000111111001100000
100000000000000001
100000000000000001
000111010011000000
100000000000000001
100000000000000001
000111010111000000
100000000000000001
000111010111000000
000111010111000000
100000000000001001
000111111001100100
100000000000000001
010111111001100000
000111010111000000
000111010011000000
100000000000000001
000111010111000000
010111111001100000
100000000000000001
000111111001100000
000111111001100000
000111111001100000
000111010011000010
000111111001100000
100000000000000001
100000000000000001
100000000000000001
010111111001100000
100000000000000001
000111111001100000
100000000000000001
000111111001100000
101000000000000001
000111111001100000
000111111001100000
100000000000010001
100000000000000001

000001101010
000000010000
000001101110
000000010000
000001101010
000000000000
000001101010
000000000000
001001101010
000000010000
000101101010
000000000000
000001101110
001001101010
000001101010
110000000001
000000000000
000001101010
000000000000
000000000000
000001101110
000000000000
000000000000
000001101010
000001101010
000000000000
000001101010
100000000001
000000000000
100010000000
100010000000
100000000001
000001101010
000001101010
000001101110
000000000000
000001101110
000001101110
000000000000
100010000000

0001001001000100
0000000000011010
0000100000010000
0000010000010000
0000000000010000
0010000000010000
0000000000011010
0000100000010000
0000000100011010
0010000000010000
0001000001000000
0001000001000100
0001000001000100
0001000001000000
0001001001000100
0001000001000000
0001000001000000
0001000001000000
0000000000010000
0001000001000100
0001001011000100
0001000001000001
0001000001000100
0001000001000100
0001000001000000
1001001001000100
0001000001000000
0000000000010000
0101000001000000
0000000000011010
0001000001000000
0001000001000100
0010000000010000
0101000001000000
0000000000010000
0001000001100000
0001000001000000
1001001001000100
0001000001000000
0000000000010000

010100000010001000
010101000010001000
010100000010001100
010100000010001000
010100110010000010
010100000010001000
010100000010001000
010100000010001000
010100110010000010
010100000010001000
001010000101110000
010100000010000000
010100101010000010
010100110010000010
001000000101110000
010100000010000000
010100000010000000
010100000010001000
010100110010000010
010100000010001000
010100000010001000
010100000010001000
010100000010001000
010100110010000010
010100000010001000
010100000010001000
101000000001100001
001000000101110000
101000000001100001
101000000001100001
001000000101110000
001000000101110000
010100000010001100
001000000101110000
010100000010001000
001010000101110000
001010000101110000
001000000101110000
001000000101110000
010100000010001000

10001110000001
00000001100110
10001110000001
10001110000001
10001110010001
10001110000001
10001110000001
10001110000001
00000001100110
10001110000001
00000001100110
10001110000001
00000001101110
00000001100110
00000001100110
00000001100110
10001110000001
10001110010001
10001110000001
00000001100110
00000001100110
00000001100110
10001110000001
10001110000001
01000001100110
00000001100110
10101110000001
10001110000001
10001110000001
00000001100110
00000000100100
10001110000001
00000001100110
00000001100110
00010000100100
00000001100110
10001110000001
10001110000001
10001110000001
00000001100110

00000
01001
01001
00100
00000
00100
01000
10010
01001
00000
00000
00000
00000
00000
01001
01001
01000
00000
00000
00000
01000
00000
01000
00000
01001
00000
00100
01000
01001
00000
00000
00000
00000
00100
00000
00000
01001
01000
00000
00000

000000
000000
000000
000100
000000
000000
000000
000000
000100
000000
000000
000100
000000
000000
000000
000000
000000
000000
000001
000000
000010
110100
001000
000001
000100
000001
000000
000001
000000
000000
000000
001000
000000
000001
000000
110100
000000
000000
001000
000000

00000
00000
00000
00000
00001
00000
00000
01000
00001
00001
01000
00000
00000
00000
11000
00000
00000
00000
00100
00000
00000
00000
00000
00000
00000
00000
00000
00000
00000
11000
00000
00000
00100
00000
00000
00000
00000
00000
00000
00010

0100
0100
0100
0100
0100
0100
0100
0100
0100
0100
0101
0100
0100
0100
0000
0100
0100
0100
0100
0100
0100
0000
0000
0100
0100
0100
1100
0100
0100
0100
0100
0110
0100
0100
0100
0100
0100
0100
0100
0100

000001000
000000000
100000000
000001000
000011000
000000000
010001000
000001000
000011000
000001000
010001000
100000000
000001000
001000100
100000000
000001000
000001000
000001000
001100111
000001000
000001000
000001000
000001000
100000000
000001000
000001000
000001000
000001000
001100111
000001000
000000000
000001000
000000000
000001000
000001000
000000000
000001000
000001000
000000000
000001000

01000000
00001000
10000000
01000000
01010000
01000000
00000000
00000100
00000100
00000110
10000000
01000000
00000100
10000000
01010000
00000100
00000110
00000000
00000000
00000001
00000100
01000000
00000110
00000100
01000000
00000000
00000110
00000110
00000000
00000000
00000110
01000000
00000000
00000100
00000000
00000100
00000000
00000110
00000110
00100100

011000
100000
100001
100001
100000
100000
100000
011000
000000
100001
100000
100100
011000
011000
000000
100000
100001
100000
100001
011000
100000
011000
100001
100000
100010
011000
100000
100000
100000
100000
100000
100100
100001
100000
100000
100000
100001
100001
100100
100001

0000100010100
0000100010000
0000101010000
0010100110000
0000110010000
0000100010100
0010100110000
0000100010000
0000110010000
0000100010000
0000100010100
0000100010100
0000100010101
0000110010000
0000100010000
0000100010000
0000100010100
0000100010000
0000100010000
0000100010101
0000100010000
0000100011000
0100100010000
0010100110000
0000100010000
1001000000010
0000100010000
0000100010100
0000100010000
0000100011000
0000100010000
0010100110000
0000100010000
0000100010100
0000100010000
0000100010000
0010100110000
0000100010000
0000100010000
0000100010000

00001
00000
00001
00001
00001
00000
00000
00001
00011
00001
00001
00000
00001
00000
00001
00001
00001
00000
00001
00001
00001
01001
10001
00001
00001
00001
00001
00001
00001
00001
10001
00101
00001
10001
00001
00001
00000
00000
00001
00001

0000000
0000000
0000000
0000000
0000000
0000000
0010000
0010000
0010000
0000000
0010000
0010000
0000000
0000000
0000000
0001000
0000000
0010000
0000000
0000000
0000010
0000000
0000000
0000000
0000000
0010100
0000010
0010000
1000001
0000000
0000000
0000000
1000001
0000000
0100000
0000000
0010000
0000010
0000000
0000000

11001
11001
00100
11001
11001
00100
00000
00100
00000
00000
00000
00100
00100
00100
11001
11001
00100
00000
00100
00100
00100
00100
00100
00100
00010
00010
00010
00100
11001
00000
00010
11001
00100
00010
00000
11001
00000
11001
00100
11001

0000100
0000100
1001000
0000000
0010100
0000000
0000000
0000100
0000100
0000000
0000000
0000100
0000100
0000100
1001000
0000100
0000001
0010100
0000001
0000100
0000100
0000000
0100100
0000100
0100100
0000100
0000011
1001000
0000000
0000100
0000000
0000100
0000001
0000001
0000000
0000100
0000001
0000100
0000100
0000001

000010010000100110
001100101100000000
101100101100000000
001101101111010000
000010010000100110
001100101100000000
001101101110000000
001101101110000000
000010010000100110
000010010000100110
001101101110000000
000010010000100110
001100101100000000
011101101110000000
011101101110000000
001101101110000000
001101101110000000
001101101110000000
001101101111010000
000010010000100110
001100101100000000
001100101100000000
001101101110000001
000010010000100110
001101101110000000
001100101100000000
000010010000100110
011101101110000000
001100101100000000
001101101110000000
001100101100000000
000010010000100110
001101101111010000
001101101111011000
001101101111010000
001101101110000000
000010010000100110
001100101100000000
000010010000100110
101100101100000000

100000
100000
100000
000000
100000
010000
100010
000000
000000
000000
100000
100010
100000
100000
000000
000000
011000
100000
100000
000000
000000
000000
000000
100000
100000
100000
100000
010100
100000
000000
000001
000000
000000
010000
010000
000000
100000
010000
010100
100000

010000
100000
010000
000000
000000
010000
000000
010000
000000
000000
000000
010000
000101
000000
000000
001010
100000
010000
000101
000000
000000
000000
100000
000000
000000
000100
000000
010000
010000
000100
000100
000100
000000
000000
010000
000000
010000
000000
000000
000100

0000001
0000010
0010010
0000010
0000010
0100001
0100001
0000010
0000110
0000001
0000001
0100001
0000010
0000010
0000001
0001010
0000010
0000010
1000001
0000010
0000010
0000010
0000010
0000010
0000010
0000010
0000010
0000010
0000001
0000010
0000010
0000010
0000010
0000010
0000010
0000010
0000010
1000001
0000010
0000001

100010
100000
100100
100100
000000
100010
000000
000000
100100
100011
000000
100000
010000
000000
000000
000000
100000
100100
100000
100000
100010
000000
000000
000000
100000
000000
000000
001000
100100
000000
100000
000000
100000
100011
100010
000000
100000
000000
100100
100100

01000000000101
00000100000101
00000000000101
01000000000101
00000000000101
01000000000101
00000000000101
00000000000101
00000000000101
00000000000101
01000000000101
10010001010000
00000000000101
00000000000101
00000100000101
10011001011010
00000000000101
01000000000101
00000000000101
10011001011010
00000000000101
00100000000101
00000000000101
00000000000101
00000000000101
10011001011010
00000000000101
00100000000101
00000000000101
00000000000101
00100000100101
01000000000101
00000100000101
00000000000101
00000000000101
00000000000101
00000000000101
00000100000101
00000010000101
00000000000101

01000100000
01000100000
01001100000
01001100000
01000100000
01001100000
01001100000
01001100000
01000100000
01000100000
01000101010
01001100000
01001100000
01001100001
01000101010
01000100000
00000000000
00000000000
01000100000
00000000000
01000100000
01000100000
01000100000
00000000000
01000100000
01000100000
01000100000
00000000000
10100010000
01001100000
00000000100
01000100000
01000100000
00000010000
01010100000
01000101010
01000100000
10100010000
01000100000
01000100000

0000101
0111010
0011010
0111010
0111010
0011010
1000101
0011010
0000101
0000101
0011010
0011010
0000101
0011010
0011010
0000101
0011010
0000101
0011010
0011010
0011010
0011010
0000101
0011010
0011010
0000101
0011010
0011010
0011010
0011010
0000101
0011010
0000101
0000101
1000101
0011010
1000101
0011010
0011010
0011010

0000000000001000
0000010000001100
0000100000000000
0000100000000000
0000000000001000
0001100000000000
0100000000000000
0000100000000001
0000010000001100
0000000000001000
0000100000000000
0000000000001000
0000100000000000
0100000000000000
0010001011110000
0000010000001100
0000100000000000
0100000000000000
0000010000001100
0100000000000000
0000010000001000
0000100100000000
1000000000001010
0000000000001000
0000100000000000
0000100000000000
0000100000000000
0000100100000000
0100000000000000
0000100000000000
0000100000000000
0000100000000000
0000100000000000
0000100000000000
0000100000000000
0000100000000000
0000100000000000
0000100000000000
1000000000001010
0000100000000000

00010
00100
00010
00100
00100
00010
00010
00100
00010
00000
00010
00000
00000
10001
00010
00010
00010
00010
00100
00010
00000
00000
00010
10001
10001
00000
00100
10001
00000
00010
00010
00010
01010
00000
00100
00010
00100
00010
10001
00100

000000000
000000000
000000000
010100000
000000000
000000000
010100000
010100000
010100000
010100101
110110000
110110000
000000000
011100000
000000000
010100000
010100000
010101100
010100000
010100000
000000000
010100000
000000000
000000000
010100000
000000000
010100100
010100000
000000000
000000000
000000000
000000000
000000010
000000000
000000000
000000000
000000000
000000000
010100000
000000000

0001100100
0000000010
1101100101
0000000010
0000000010
1101100101
0001100100
1101100101
1101100101
0000000010
0001111100
0000000010
0011100100
1001100101
1101100101
1001100101
1001100101
1101100101
1001100101
0000000010
0000000010
1001100101
1101100101
0001100100
1001100101
1101100101
0011100100
0000000010
1101100101
1101100101
0000000010
1101100101
1101100101
1101100101
0001100100
0000000010
1101100101
0001110100
1001100101
0011100100

0000010111
0000000000
0000000000
0111000000
0000010111
1000100000
0000000000
0000000000
0000000000
1000100000
0000010111
0011001000
1000100000
0000000000
0000010111
0000010111
0000000000
0000010111
0011000000
0011000000
1000100000
0000010111
0000000000
0011000000
0011000000
0000000000
0000000000
1000100000
1000100000
0011000000
0000010111
1000100000
1000100000
0000000000
0000010111
0000000000
0000000000
0011000000
1000100000
0000000000

0000010001100111
1001101010001000
1101101010001000
1001101010001000
0000010001100111
1101101010001000
0000010001100011
0000010001100011
0000010001100111
0000010001100011
1001101010001000
1001101010001000
1001101010001000
1001101010001000
1001101010001000
0000010001100111
0000010001100111
0000010001100011
0000010001100011
0000010001100011
0000010001100011
0000010001100011
1001101010001000
1001101010001000
1001101010001000
1001101010001000
1001101010001000
1001101010001000
0000010001100011
1001101010001000
0000010001100111
1001101010001000
1001101010001000
1001101010001000
1001101110001000
1011101010011000
0000010001100111
0000010001100011
0000010001100111
1001101010001000

000000000
100001000
110011000
000000000
100001000
100001000
110001000
100001000
110001000
101001000
100100000
100001000
101001011
000000000
000000000
110001000
100001100
100001000
110001000
100001000
100100000
100001000
000000000
101001000
110001000
000000000
100100000
100100000
100001000
000000000
110001000
100001000
100001000
101001000
000000000
000000000
100001000
100100000
110001000
100100000

01
01
00
11
00
00
01
00
01
00
01
11
00
01
00
00
00
01
00
00
00
00
01
00
00
00
11
01
00
00
01
00
01
00
00
00
01
01
00
01

0000000
0000000
0000000
1000000
0000000
0101100
0000000
0000000
0000000
1000000
0000000
0000000
0000000
0000000
0000001
0000000
0000010
0100100
0000000
1000000
1000000
0100100
0000000
0000000
1000000
0000000
0000000
0000000
0101100
0000000
0111100
0101100
0000000
0111100
0000000
0111100
0000000
0000000
1000000
1000000

0100110
1000000
1000000
0000110
1000001
1000000
0000100
0100110
1000000
1000000
1000000
0100110
1000000
1000000
1000001
1000001
0001100
0000100
0000110
0000110
0000110
0000100
1000000
1000000
1000001
1000001
1000001
1000001
0100110
0000110
1000001
0000110
1000001
1000001
1000001
1010000
0000100
1000000
0000110
1000000

110
000
000
110
110
000
110
110
110
111
110
110
110
110
110
110
110
110
000
110
110
110
110
110
110
110
110
110
110
110
000
110
110
000
110
110
000
000
110
110

000001010010
001010000000
000001010010
001010000000
001010000000
001010000000
001010000000
000001011010
000001011010
001010000000
001010000000
000001010010
000001010010
000001010010
000001010010
100001011010
000001010010
000001010011
000001010010
000001010010
000001010010
000001010110
000001010010
000001010010
000001010010
001010000000
000001010010
001110000000
000001010010
000001010010
000001010010
011010000000
000001010010
000001011010
001010000000
000001010010
001010000000
001010100000
000001010011
000001010010

001010
000000
000000
000000
100100
000000
000011
000000
000011
000000
110100
000000
000000
001010
100100
100100
100100
000000
100100
100100
100100
000000
000000
100100
100100
100100
100100
100100
000000
000000
000011
000000
000000
000000
000000
100100
100100
000000
100100
000000

0100000001
0100000001
0100000001
0100000001
0100000001
0100000001
0100000001
0100000001
0100000001
0100000001
0100000001
0001111100
0100000001
0100000001
0100000001
0100000001
0001111100
0000111100
0100000001
0100000001
0100000001
0100000001
0001111100
0100000001
0010111100
0100000001
0100000011
0100000001
0100000001
0100000001
0100000001
0100000001
0100000001
0010111100
0010111100
0100000001
1100000001
0100000001
0001111100
0100000001

00000
00100
00000
00100
00000
00000
00000
00010
00000
00000
00000
00000
00000
00000
00000
00000
00001
00000
10000
00000
10000
10000
00000
00000
00000
00000
00000
00100
00000
00000
00010
00000
00000
00000
00000
01000
00000
00000
00000
00010
