0.021111059405940595 0.0014066524043166969 
0.021311960396039605 0.0015402076876849446 
0.02203672277227723 0.0014003474966106098 
0.021634851485148515 0.0014468612418579965 
0.02146109900990099 0.0017229636826071463 
0.021905554455445547 0.0016637723239808103 
0.020838168316831683 0.0015391222139554826 
0.022036594059405938 0.0015523460059989676 
0.022651237623762376 0.0012870438393951646 
0.02234492079207921 0.0014806207668110849 
0.023977900990099006 0.0015827266327946325 
0.019768881188118814 0.0016626616695731861 
0.0202719702970297 0.001630543124331844 
0.01998013861386139 0.0014004141610146465 
0.024927099009900987 0.00164207699018109 
0.02387089108910891 0.0017980820965023206 
0.02296794059405941 0.0015058723390186267 
0.02313377227722773 0.0014986425929519236 
0.024896851485148513 0.0016735855584665202 
0.021521297029702974 0.0015339361556450572 
0.020813495049504947 0.0015504642908826458 
0.022028782178217823 0.001419919831818436 
0.024702544554455443 0.0014016653922307124 
0.024208059405940594 0.0014054814531977342 
0.021968128712871286 0.0015987113477835845 
0.020886386138613856 0.0018744282664707377 
0.022224574257425748 0.001640153870749132 
0.021261524752475242 0.0012820096197879716 
0.019665376237623763 0.001513854505031988 
0.022228693069306932 0.0016091385724658737 
0.020254950495049506 0.001537023730475333 
0.02634246534653465 0.0014598880234039685 
0.023023465346534648 0.0014387146117099292 
0.022796722772277227 0.0018233207172618521 
0.018148702970297033 0.0014768767388893243 
0.020774356435643564 0.001439451247092312 
0.01966891089108911 0.0014539900928408707 
0.021639306930693068 0.0016665282983375608 
0.021229683168316835 0.0014674751194995975 
0.02136281188118812 0.001406208170953667 
0.021934811881188118 0.001603018722291556 
0.02266164356435643 0.0015064940716130008 
0.022239009900990103 0.001704010914848192 
0.021881217821782182 0.0015065320454735833 
0.022704128712871294 0.001382453083467013 
0.021442841584158417 0.0013346257140811424 
0.020857247524752476 0.0013446055655285342 
0.019204762376237625 0.0013608184502078287 
0.02223940594059406 0.0014506894378581597 
0.02065018811881188 0.0013632133682529636 
0.021959683168316833 0.0012847892297821533 
0.020149980198019807 0.0018249149877402969 
0.023264861386138612 0.0013273667897938323 
0.019032217821782178 0.0014575949511653032 
0.023269059405940595 0.0015876902135784285 
0.019073811881188122 0.0015969750595575798 
0.022575455445544554 0.0015292904555773083 
0.022574188118811886 0.0012750318940904757 
0.02395917821782178 0.0016641185601091633 
0.0214490099009901 0.00146923622978467 
0.021595752475247528 0.0013157082977887273 
0.022387059405940598 0.0016311085571425973 
0.020561376237623764 0.001413901993967142 
0.02002547524752475 0.00160595970871656 
0.019033435643564356 0.0016025794517975063 
0.029441346534653464 0.0015404647970027824 
0.021890455445544556 0.0015252810844656674 
0.022897960396039606 0.0011938108538906696 
0.020960514851485146 0.0015521684009246353 
0.020967633663366337 0.0013174349268899582 
0.022227603960396046 0.0016439117504150373 
0.023544980198019802 0.001380933476650709 
0.026689455445544557 0.0014122150603671424 
0.022975930693069305 0.0016909768473183913 
0.021842207920792084 0.0013742808042922568 
0.023022584158415845 0.0013508125260527915 
0.02091169306930693 0.0016515801059553876 
0.02117448514851485 0.001172426219375208 
0.02019081188118812 0.0014551432831554087 
0.02276882178217822 0.0016395327660680297 
0.02172520792079208 0.001313501897218526 
0.020807227722772277 0.001171057809711755 
0.024054712871287135 0.0015618237393523725 
0.021271405940594065 0.0015595246494499331 
0.023100514851485145 0.0014351350411766473 
0.018990990099009904 0.0014521085965380118 
0.02434085148514852 0.001597156156994214 
0.021306722772277225 0.0017419776352067871 
0.02514676237623762 0.0017194909052501315 
0.022168960396039602 0.0012796863703080997 
0.02110020792079208 0.0015014764635618938 
0.024441009900990098 0.0016081561392535249 
0.02214007920792079 0.0014335898351719306 
0.023392188118811885 0.0015342326150511077 
0.02255162376237624 0.0019667845943629587 
0.02664644554455445 0.0016625260362749302 
0.02247059405940593 0.001654250392160966 
0.021287316831683164 0.0014581592487335495 
0.021030257425742566 0.0012406346240395076 
0.018097772277227725 0.0014607793178536832 
