0.19144189108910895 0.012787690369575671 
0.20515909900990104 0.014492517506401893 
0.20390266336633667 0.015513371266268774 
0.20737022772277233 0.015618235406900808 
0.184668900990099 0.014289231296318988 
0.18281963366336637 0.013955126217877306 
0.20591188118811882 0.01569280953793184 
0.20915911881188123 0.01805142789464004 
0.18303246534653464 0.013876052281613328 
0.18986862376237623 0.014682008342435857 
0.18455980198019803 0.012851766705240828 
0.20943988118811882 0.011850092742493018 
0.19899697029702973 0.018840464157562176 
0.20061674257425743 0.017398296469273707 
0.18118800000000002 0.014153186047916232 
0.1973615841584158 0.013645860119513653 
0.18171620792079207 0.012893228503132825 
0.205434603960396 0.018115684104549456 
0.21401842574257432 0.014155487769309121 
0.18325524752475245 0.013742275599103003 
0.2138089108910891 0.015120247992949625 
0.18896903960396041 0.016945297245286223 
0.1961347722772277 0.016044256752811036 
0.1961347722772277 0.016044256752811036 
0.19272884158415843 0.013202696419564515 
0.20792028712871286 0.014854120513995091 
0.2007702871287129 0.015393850842113555 
0.18563 0.012671260740450227 
0.20175334653465346 0.014327172050307823 
0.189889198019802 0.017144678467756934 
0.19888716831683168 0.012738199530102327 
0.2028711683168316 0.01497674992242964 
0.18607945544554458 0.013771396646475241 
0.19743436633663367 0.013883113807947095 
0.1969311089108911 0.01545922211285785 
0.20890796039603957 0.01468044010584839 
0.2179388910891089 0.014131352585617185 
0.20742418811881186 0.017141116785891797 
0.19461256435643567 0.013687093641269066 
0.19073837623762377 0.012504761008441834 
0.2021754752475248 0.01573896006138092 
0.20383345544554463 0.014410538631638842 
0.19347024752475248 0.015562360132676777 
0.20589401980198016 0.014380129193556303 
0.18692461386138615 0.015434304213467713 
0.19988275247524748 0.011786343306670307 
0.21381225742574259 0.017169167715202212 
0.18803553465346537 0.014337380720067577 
0.19207066336633655 0.011729358038933319 
0.18548727722772276 0.011752510635603631 
0.1858913762376238 0.012856400651038742 
0.18998736633663366 0.014921927501859401 
0.21682249504950493 0.015598058900321423 
0.19947557425742574 0.014828874264334976 
0.17960407920792082 0.01280501649044072 
0.19956045544554463 0.016695287804697416 
0.19909831683168316 0.015817532706130833 
0.2048421683168317 0.014055029163735362 
0.19014933663366335 0.013347347057405683 
0.2137759108910891 0.01510080197404715 
0.18779303960396043 0.012385804112902158 
0.2064822178217822 0.014888687212875777 
0.20236624752475246 0.01420781914230033 
0.19235759405940586 0.014912260175046623 
0.1825642178217822 0.011432728476090002 
0.19168154455445546 0.014728182319825985 
0.1925231485148515 0.013458409679332664 
0.19762181188118816 0.015323387623229401 
0.18959392079207918 0.013942943631903522 
0.19638402970297028 0.014401381725826834 
0.17652558415841582 0.013411585359191425 
0.1956922673267327 0.014063948684907263 
0.21626546534653468 0.018434751022422306 
0.21718895049504952 0.015112008644610318 
0.199697801980198 0.016286108708094677 
0.20152056435643564 0.012774136174251998 
0.20010350495049506 0.013790822405723782 
0.203484297029703 0.016236064090151162 
0.1946491386138614 0.01377523186560151 
0.19534503960396035 0.014650229422676131 
0.17915058415841584 0.015636846507475953 
0.2113880099009901 0.013574912379415669 
0.19885017821782178 0.014185636910702945 
0.178343198019802 0.01489887285989922 
0.20897040594059407 0.01604404447983288 
0.2059577128712871 0.015755446827663735 
0.18398058415841587 0.015338208748392167 
0.19832648514851486 0.015798659962358044 
0.19360304950495047 0.012933339656133509 
0.20864682178217822 0.015066162250498215 
0.17436663366336633 0.013378348154426428 
0.19310324752475247 0.017212376733615833 
0.2100472574257426 0.013453517422690724 
0.19681871287128716 0.015611640756678232 
0.19251192079207918 0.011455354522722151 
0.19185272277227722 0.015814928689308 
0.1985762178217822 0.017136349715050576 
0.19764923762376235 0.014256448623323958 
0.2003861188118812 0.0166544982781462 
0.1914926138613862 0.015432458440065935 
