0.019609059405940595 0.0009200243628046502 
0.021997752475247524 0.0008439659958184535 
0.020339485148514854 0.0008568885299440824 
0.020796772277227725 0.0009498635741665629 
0.020903762376237613 0.0008135242016702788 
0.020468990099009897 0.0007700401236177101 
0.019443118811881186 0.0007898791521445844 
0.020990772277227725 0.0009011729087742682 
0.02079675247524752 0.0007503864668439764 
0.019294326732673266 0.0008542695925819418 
0.02144424752475248 0.0008497576987896548 
0.019262940594059405 0.0009543328894037273 
0.019575415841584155 0.0008499280023943174 
0.021521851485148513 0.0010099532033677817 
0.0202600396039604 0.0008198257110211463 
0.01967450495049505 0.0009141525927583311 
0.020401465346534652 0.0007739912318734362 
0.02042552475247525 0.0008356220377547342 
0.020252811881188115 0.000827678582481413 
0.02120848514851485 0.0008396731992046677 
0.020346999999999997 0.0008603399857551135 
0.020168910891089107 0.000715450022457096 
0.02044302970297029 0.0007612138749879493 
0.02234359405940594 0.0008379942481692278 
0.01954107920792079 0.0006886748457952096 
0.019899188118811882 0.000855116999844579 
0.01813727722772277 0.000704732841997827 
0.021260455445544554 0.0007743722404804951 
0.019602247524752477 0.0008749563090188521 
0.02152417821782179 0.0008094279045071548 
0.018996128712871287 0.0008270350677177943 
0.019998039603960398 0.000654243678235208 
0.02533535643564356 0.0010145442773853758 
0.02032647524752475 0.0008097023850512062 
0.018792524752475247 0.0007420929673292912 
0.0200870198019802 0.0007304873726410878 
0.020414019801980196 0.0008715503766356952 
0.019268960396039602 0.0007905128542212022 
0.02008719801980198 0.0008998040823038824 
0.02002344554455445 0.0007511267901994953 
0.020605376237623763 0.0009232560102297999 
0.020835465346534653 0.0007366798888934916 
0.02014376237623762 0.0007658843480735565 
0.020609168316831687 0.0006998791843307978 
0.022786960396039606 0.0010805487505855173 
0.020499356435643563 0.0009295198865480423 
0.021011059405940592 0.0007926322336727624 
0.020514306930693074 0.0007589263748396237 
0.02072106930693069 0.000902788104448205 
0.019228128712871283 0.0007248567446500584 
0.02562000990099009 0.0010657529620599672 
0.02059750495049505 0.0008625950786884148 
0.020374910891089112 0.000825125782178716 
0.019733118811881185 0.0008941415628403527 
0.020001960396039607 0.0008493860557478284 
0.019406683168316834 0.0007240043341412455 
0.020481029702970298 0.0007534134396192582 
0.019854663366336633 0.0006130951548136671 
0.021644554455445546 0.0008034319760277849 
0.020544881188118817 0.0009199053469079715 
0.01935929702970297 0.0008374278812696715 
0.0196889900990099 0.0009137486438076863 
0.023129564356435647 0.0008918568172593136 
0.018734999999999998 0.0008260347486278009 
0.02065866336633663 0.0009243842400817098 
0.019836257425742573 0.0008115779600365795 
0.020113950495049507 0.0008713118069187359 
0.019941930693069307 0.0006746187960241135 
0.018977049504950494 0.0007708359404271511 
0.021050881188118806 0.00101276707796046 
0.020481782178217823 0.0006785094409546286 
0.021803603960396035 0.0007922770802348782 
0.019819940594059407 0.0007520073311969136 
0.019228653465346534 0.0009687709927270622 
0.018938980198019803 0.0006020136503863064 
0.02038851485148515 0.0007605442373117728 
0.02032238613861386 0.0006708572610908798 
0.019428475247524748 0.0008034836477238304 
0.02007452475247525 0.0007740130169302155 
0.020170079207920792 0.0009336836520165366 
0.020339762376237625 0.0008106830654724805 
0.02125929702970297 0.0008324344536923898 
0.02084307920792079 0.0008944065312994174 
0.020258475247524752 0.0008786528346524358 
0.020680762376237623 0.0009460135342061889 
0.01963516831683168 0.0009603248013795603 
0.02030886138613862 0.0007711179492641099 
0.0213140099009901 0.0008753723789806077 
0.023336930693069302 0.0009713994320477484 
0.01985273267326733 0.0007902580214193376 
0.018959178217821785 0.0009380013974956297 
0.020023237623762374 0.0009146871038723534 
0.020561485148514854 0.0008234919924690352 
0.019491207920792078 0.0008062260366147195 
0.021157039603960398 0.000690459424045547 
0.019599712871287128 0.0007215780744708795 
0.020055821782178216 0.0009011372726061175 
0.020426683168316827 0.0008569534332426692 
0.02031606930693069 0.0008397562029214575 
0.02158209900990099 0.0010655847881290768 
