0.02859148514851485 0.0024355302698435073 
0.02274919801980198 0.0032644432091458796 
0.02668451485148515 0.002953145346558182 
0.02813802970297029 0.0025218742576494494 
0.025616316831683167 0.002911524880082679 
0.026467613861386134 0.0030088105671701557 
0.023199049504950494 0.0024575827912335082 
0.03292766336633663 0.0031549018665669895 
0.025706673267326733 0.0024464074048031054 
0.03018030693069307 0.0026160180675132818 
0.025975267326732675 0.003018097325002937 
0.024837653465346533 0.0023888370982329318 
0.025902821782178214 0.0023512209989833346 
0.023832752475247524 0.0026810737039585893 
0.03136540594059406 0.0029096675771417015 
0.028376099009900995 0.002717542441414689 
0.027642623762376237 0.003246923082244112 
0.02479687128712871 0.0026344946183896613 
0.030557742574257425 0.003036514265441056 
0.04489086138613862 0.004218377997676506 
0.02720109900990099 0.002857382051496937 
0.023153297029702972 0.0021801122759013422 
0.028322960396039605 0.0029061958630607 
0.028322960396039605 0.0029061958630607 
0.029900000000000006 0.0028042306687511205 
0.025587198019801985 0.0023904005257821223 
0.04325852475247525 0.003941763021128217 
0.029641999999999998 0.0024765414841613855 
0.024330287128712866 0.002839234094661759 
0.028651871287128705 0.0031977571523202283 
0.02938039603960396 0.003074364540567879 
0.03357348514851485 0.003548716699058333 
0.027159217821782183 0.0026557232447214202 
0.027262178217821783 0.003146756958263066 
0.02795338613861387 0.002557603534755921 
0.028756247524752483 0.002790100531940643 
0.027845613861386134 0.003201085307817752 
0.03526537623762376 0.003242623656127385 
0.030491455445544557 0.002844709237172492 
0.0318670198019802 0.002780246142604871 
0.02790061386138614 0.002622369954378986 
0.029683792079207925 0.003738321051421563 
0.031263722772277236 0.002476269255976677 
0.03191353465346534 0.0036818787298704453 
0.023784376237623767 0.002554547228299678 
0.03509112871287128 0.004031870756276072 
0.02738429702970297 0.002878488239586315 
0.030260108910891093 0.002709837439503421 
0.024906128712871282 0.0028587045867186182 
0.029442435643564354 0.0030828730280769573 
0.037991702970297025 0.0037573581343008974 
0.028353178217821785 0.002656890754827886 
0.036214425742574254 0.0036587556244894737 
0.027580079207920792 0.003141761915600889 
0.02750586138613861 0.0027473658456232375 
0.025551544554455442 0.0023246375359951225 
0.03172375247524753 0.003011249092510837 
0.031182584158415835 0.003100878678624984 
0.035350089108910895 0.002824198454934016 
0.025175049504950496 0.0028967382899256775 
0.027383069306930692 0.003147743580513174 
0.031326435643564354 0.0033771143678855533 
0.02758794059405941 0.0027394292598529103 
0.028279346534653464 0.0026749051151327293 
0.026559861386138618 0.00278081922194569 
0.025163108910891085 0.002804288914300931 
0.026524534653465354 0.0027818141120049037 
0.032028415841584154 0.003013838591364599 
0.03346386138613862 0.003149052898730667 
0.033194960396039606 0.0027390634625537383 
0.03425076237623763 0.0033364245525742218 
0.02513990099009901 0.0025875417421608415 
0.03462050495049505 0.003849719387031526 
0.027562475247524757 0.002821645740526418 
0.03194896039603961 0.0029455001993165947 
0.04236642574257426 0.0043327008848242825 
0.022091564356435642 0.0021043214254718393 
0.026414920792079202 0.0025670762144423777 
0.026044237623762373 0.0028402186017824726 
0.026546396039603962 0.003065290343940942 
0.026587405940594062 0.0030986322251753923 
0.03097611881188119 0.0037998941394507624 
0.03276613861386139 0.003712110989799225 
0.023181881188118817 0.0028203553574539823 
0.024623643564356437 0.0027907750071047227 
0.03118649504950496 0.0033250848530042747 
0.02709810891089109 0.0024423535999011895 
0.031667425742574265 0.0037147765609725682 
0.028497306930693075 0.0027778200005217214 
0.028340673267326734 0.003262705792937139 
0.028150405940594054 0.002797524249103329 
0.02483675247524753 0.0027276055774719792 
0.02372219801980198 0.0029053173103224792 
0.0338000099009901 0.003421059266492246 
0.025628405940594064 0.002996896448054345 
0.031605930693069315 0.0026424411090880586 
0.02841920792079208 0.0026091957765436652 
0.022920237623762375 0.0029638960382768432 
0.029355217821782176 0.0028093309185603984 
0.02654985148514851 0.0033701658518583985 
