0.1961338514851485 0.0036468820329291912 
0.20068499999999997 0.0033641071815138225 
0.20336287128712865 0.003134679987972832 
0.19784264356435644 0.0032795316514941044 
0.20063818811881184 0.003522316628294203 
0.19613735643564356 0.003626091908159386 
0.1966880297029703 0.0036558381207945152 
0.20219123762376234 0.003650298181631479 
0.20149372277227726 0.003508472218684852 
0.19762203960396038 0.003208387741439869 
0.1973704554455446 0.0033077060356555155 
0.19978277227722774 0.003341239358844683 
0.196794099009901 0.003436781370441948 
0.19372351485148517 0.003122485341074476 
0.2035390792079208 0.003708209118295951 
0.19586816831683165 0.0033669000081289553 
0.19595916831683172 0.003407642537699451 
0.196342693069307 0.003205452776107139 
0.20316605940594062 0.0029066981533841414 
0.1959471584158416 0.003591237875698979 
0.19583276237623756 0.002956559691746756 
0.19953459405940593 0.003364506770019829 
0.2014002178217822 0.004181514914747603 
0.2015614455445545 0.0030255403231546265 
0.19698599009900994 0.003788975016171167 
0.19791246534653467 0.002852306204537427 
0.20112994059405936 0.0037450272529293846 
0.20277251485148515 0.0038032328031202514 
0.20041872277227724 0.0032860520660163823 
0.1939559801980198 0.0037098977701487145 
0.1990786930693069 0.003206285873688332 
0.20082036633663367 0.003495083408749254 
0.19466070297029706 0.00237784647783859 
0.20065710891089106 0.003416096611257555 
0.1995884059405941 0.0036287914311866724 
0.20040330693069303 0.003252597812450215 
0.19565868316831683 0.0028785905136302806 
0.197555603960396 0.0033635699360114045 
0.2013575544554455 0.003469304342843422 
0.1953448415841584 0.003443228337018185 
0.19713872277227726 0.0034451556435512887 
0.19927484158415842 0.0032221947066215072 
0.20061 0.003320102894146922 
0.2026183465346534 0.0030693725789529987 
0.20058560396039604 0.0028902399197380984 
0.2012894653465347 0.003407203779543246 
0.20023656435643564 0.0031164186522601996 
0.20127903960396043 0.0033057779507731106 
0.19764174257425743 0.004132230677173716 
0.19607552475247517 0.004157030141329501 
0.20050319801980196 0.0035611024798058322 
0.19667992079207924 0.003175469949419566 
0.19985802970297029 0.003053514032981145 
0.1997933267326733 0.0033560678550501933 
0.1974699603960396 0.0034270748284243296 
0.19669739603960398 0.003936217526688541 
0.19834963366336633 0.003565122126475973 
0.19668070297029705 0.003065142700293006 
0.19920748514851483 0.002957016450644702 
0.20150466336633666 0.0036385085625768557 
0.2009189405940594 0.003413681206939152 
0.19697594059405937 0.003262424594392136 
0.1974303267326733 0.0035270574281072516 
0.20118414851485145 0.0036889233272835867 
0.19932654455445548 0.00325339908319738 
0.19701838613861386 0.003888835046542061 
0.20083267326732676 0.003673557606368134 
0.19902705940594057 0.0035746355317136528 
0.1998112475247525 0.0033779875179468567 
0.19624192079207922 0.0034656405682328855 
0.19888278217821784 0.003303080184468571 
0.19921033663366336 0.0028673370413085293 
0.1954201089108911 0.003852802294796851 
0.2038251089108911 0.003316711916738243 
0.19492286138613865 0.003721924954499326 
0.2009768217821782 0.0036783683274512913 
0.19586475247524754 0.0028429701885856885 
0.1948647524752476 0.0028306260805762433 
0.20410176237623764 0.004054831586029154 
0.19784150495049507 0.003138577402480561 
0.19893387128712872 0.0031235836383566294 
0.19633629702970298 0.0028096958312686807 
0.20080826732673268 0.003186011746577293 
0.198323099009901 0.003413958196061351 
0.19879690099009897 0.003748745890637732 
0.19919437623762373 0.003173726522034164 
0.1963041386138614 0.0036325371163387003 
0.20497266336633663 0.0031349618984127317 
0.1985741782178218 0.0032358218335587392 
0.2007519108910891 0.003495220819378657 
0.19580007920792084 0.003609317298335342 
0.19394998019801982 0.0030014516289282424 
0.20176318811881183 0.004084787030363175 
0.19828876237623763 0.003628617943674796 
0.2047602574257426 0.0035400734557839114 
0.1976439702970297 0.0038577615026073003 
0.19545570297029696 0.0031809849073958646 
0.20190497029702967 0.0031762568369335686 
0.19820269306930696 0.003444499324845755 
0.1976800099009901 0.00296214144338096 
