0.1995160396039604 0.002801846918881787 
0.19724849504950498 0.0026642841983503677 
0.19940333663366336 0.002379627128946128 
0.20066981188118813 0.0022145142761930427 
0.20092141584158418 0.0023679272394299174 
0.20123704950495042 0.002712170298897643 
0.19817848514851485 0.0027375203552346392 
0.20001537623762372 0.0027418927619166996 
0.20180012871287126 0.0027206948612417832 
0.19676391089108916 0.002288698121437055 
0.19895738613861386 0.0026088634943371583 
0.20208143564356432 0.002247185757790545 
0.19603616831683168 0.003114839096234639 
0.19801640594059408 0.0027746446929013987 
0.20123188118811886 0.0026496280265261843 
0.1992348613861386 0.002654860075482352 
0.19862679207920791 0.0027290608884754787 
0.2026083465346535 0.002944704185703527 
0.19880524752475245 0.0026786203571875244 
0.19786189108910895 0.0027870117355118886 
0.19871926732673267 0.002301862439615507 
0.1958379504950495 0.0022440691663341917 
0.1987454158415842 0.0027298452256105375 
0.1990890495049505 0.0024689014207278565 
0.19904227722772272 0.002362305716748451 
0.19775807920792082 0.002549878431127274 
0.19803364356435646 0.0026107212257340303 
0.19862018811881182 0.0030777137705966474 
0.201210603960396 0.0022194767471797132 
0.19977793069306932 0.0022880310886269177 
0.19737413861386147 0.0025980004536227124 
0.19767814851485146 0.0028427465396750414 
0.1991221782178218 0.0024020879465356535 
0.19940903960396036 0.00268246836571934 
0.1990729504950495 0.0028322142174960715 
0.19969109900990098 0.0024075640353387173 
0.19734169306930693 0.0026609917333211414 
0.19523738613861388 0.002722829097912963 
0.19872981188118813 0.00251585728440673 
0.19822796039603957 0.002562606991423174 
0.20039788118811883 0.002702589668554368 
0.2007636336633663 0.0026462025910587756 
0.2007377821782178 0.0026259680029569413 
0.19971377227722772 0.0019311690035881287 
0.19920722772277227 0.0029466170227627824 
0.19598070297029707 0.0024378114903060902 
0.2025230792079208 0.0026146807907066706 
0.2006639900990099 0.0035292285149580585 
0.1999730099009901 0.0024580001671448567 
0.20025718811881194 0.002692270515562609 
0.20388703960396037 0.002305605570763672 
0.20152269306930692 0.002703830428300094 
0.197948702970297 0.0027646372312989356 
0.20271312871287128 0.0028045471834549467 
0.1949174455445545 0.0024767773315348515 
0.19868352475247522 0.002803448313667851 
0.20031712871287127 0.0024769287420783803 
0.19686489108910893 0.0028477056942057223 
0.1958153465346535 0.0021417494165009245 
0.1953839801980198 0.0026930009723785168 
0.1996011089108911 0.002562019024751363 
0.19596496039603956 0.0025817914952924047 
0.1983941782178218 0.0026186019336757326 
0.19922633663366335 0.0024209079357159426 
0.19985584158415842 0.0031063807877764753 
0.20018071287128708 0.0024411702774484413 
0.19401952475247525 0.0027481050990684343 
0.20223207920792077 0.00294526487128797 
0.20024433663366337 0.002975487490726495 
0.1965522079207921 0.0031889989345080844 
0.19719212871287134 0.0025754628831805974 
0.20091015841584162 0.0026024658441474156 
0.1962694356435643 0.002234057470279518 
0.19882854455445542 0.0025902515322821736 
0.19980596039603957 0.002726529324406282 
0.1976872574257426 0.002637634522508008 
0.2017604752475247 0.002694425398778994 
0.19976913861386136 0.002717183355374971 
0.1994838910891089 0.0022847698668737003 
0.19850689108910885 0.002760821863934006 
0.20093296039603958 0.002098090555393056 
0.19806491089108916 0.002796910537792734 
0.1979918316831683 0.002307782914740993 
0.19873312871287133 0.0028641066468312742 
0.20398343564356436 0.002872726229286826 
0.201368594059406 0.0021996279666452404 
0.20174301980198026 0.0025235778741177373 
0.199277900990099 0.0024355102805840717 
0.19860667326732673 0.00331153131431986 
0.19924738613861387 0.0025197019781747535 
0.20325767326732674 0.0021389875744708777 
0.19627723762376237 0.0018771015689009972 
0.19974436633663367 0.002657836489777264 
0.20104150495049503 0.002825213440193283 
0.20125574257425743 0.002414146298295439 
0.19831678217821783 0.0021106617872782086 
0.19781094059405946 0.002868736486011552 
0.20002695049504948 0.0026167814573573116 
0.1964747623762376 0.003098873513463536 
0.20132921782178223 0.001987251002418436 
