0.048057910891089115 0.00815999018041902 
0.06363524752475247 0.010016327282285669 
0.053549712871287125 0.008111554771962477 
0.09499437623762376 0.01507683655716001 
0.05314863366336634 0.008908044457338338 
0.06253243564356437 0.011506968602724005 
0.05182087128712871 0.008221716723076885 
0.07568051485148514 0.011586390717291551 
0.05351353465346535 0.007894926847790768 
0.062102138613861387 0.009341173218054416 
0.05167780198019802 0.009039705371764774 
0.10543103960396039 0.015407165041379057 
0.07059754455445544 0.013347076034242724 
0.06561812871287129 0.00983691451027419 
0.08907040594059407 0.013124142024708404 
0.046632039603960396 0.007462240595913724 
0.08991470297029704 0.014135515070481617 
0.04896217821782179 0.009277067068528771 
0.055476623762376234 0.0092319451710148 
0.05814674257425743 0.010846135779146072 
0.10041984158415841 0.015353929771893935 
0.05379169306930693 0.010428729181992316 
0.04957446534653466 0.00980146906100048 
0.0678517722772277 0.011806729623129637 
0.08140803960396038 0.011234355022461626 
0.05728362376237623 0.009586038274440559 
0.0494670594059406 0.008480707827993938 
0.08981214851485149 0.01316847683621246 
0.07876621782178218 0.01186626547773971 
0.08923050495049506 0.01559774919128186 
0.12928600990099007 0.015092029791831375 
0.06682481188118812 0.009821428121752454 
0.07915112871287128 0.014065326717730458 
0.05939477227722772 0.012850826863161536 
0.09734889108910891 0.01214618470667775 
0.09734889108910891 0.01214618470667775 
0.06209866336633663 0.010504057465247057 
0.06832443564356436 0.011549036084603857 
0.04904937623762377 0.008673782381921988 
0.0790981188118812 0.01346944013940639 
0.06942024752475248 0.010055343279246311 
0.059230336633663366 0.012509986362013626 
0.058809930693069314 0.011718663037703412 
0.05122633663366336 0.009590866620913 
0.05784702970297031 0.00919959175208652 
0.06258648514851485 0.008890011926412675 
0.0712830594059406 0.011598239790334338 
0.0805250396039604 0.01797595015509972 
0.0844328613861386 0.013080384444973739 
0.07564666336633663 0.01148616052773319 
0.07111094059405941 0.01176379315958171 
0.06972337623762377 0.010067817975566419 
0.09783373267326731 0.01554554631702833 
0.05345550495049505 0.009109979548752476 
0.08117317821782179 0.014358348972488557 
0.06619457425742574 0.009726844398233998 
0.050262069306930696 0.008102798628193714 
0.06056567326732674 0.010829275295600311 
0.05211113861386139 0.008149610687451507 
0.060673960396039596 0.009335395357116862 
0.0539460594059406 0.009083363896687133 
0.07812739603960396 0.013644053022934848 
0.0743439504950495 0.01350352930278646 
0.06759969306930692 0.010287793869813575 
0.08629924752475247 0.015601689837649533 
0.056422881188118806 0.009575222663478416 
0.05594270297029703 0.010275044389145093 
0.11416120792079208 0.01884223022436718 
0.08398172277227724 0.013532034414983332 
0.05868919801980198 0.009620060038737126 
0.08636806930693071 0.011010874398293648 
0.0684538316831683 0.011466348507715189 
0.05325452475247524 0.009035362632066942 
0.14504319801980198 0.02078938319203681 
0.07024693069306931 0.011581173049100698 
0.059638504950495046 0.010725505454750208 
0.09707812871287129 0.01523013204708192 
0.07736229702970296 0.013005307385410045 
0.08637858415841584 0.014270760945572931 
0.06770634653465346 0.011184034659994279 
0.05422315841584159 0.008121362137289744 
0.06837744554455445 0.010249545551360354 
0.04745462376237623 0.008341352408156552 
0.06890606930693069 0.010307591770346139 
0.060781653465346544 0.00931627089105707 
0.07548266336633662 0.011126782892203932 
0.0707820396039604 0.009403920562139262 
0.05557260396039604 0.0072921948170007935 
0.07843617821782178 0.012362394772166592 
0.07431575247524753 0.011530120790077656 
0.0829028514851485 0.012082964545411285 
0.07543772277227724 0.012660429340723861 
0.05813746534653464 0.00990323808986943 
0.05300546534653466 0.008928221244202722 
0.0580549900990099 0.009704025788550464 
0.05124852475247526 0.010468495222790397 
0.08674672277227723 0.013718432241720244 
0.06711440594059406 0.010485118504954297 
0.0668571089108911 0.009802940911425044 
0.1391469108910891 0.02174770134802188 
