0.02453081188118812 0.002217270482001212 
0.021833693069306936 0.002006666245454145 
0.022556544554455438 0.0019863430427945884 
0.025335336633663358 0.002126118292943426 
0.02216444554455446 0.0016706253378037314 
0.023282237623762386 0.0020040609373381466 
0.02233987128712871 0.0020069050536395804 
0.022977514851485147 0.0016805391969108281 
0.024027237623762375 0.0016126463470223875 
0.02210768316831683 0.00228086723966219 
0.02252392079207921 0.001495167752323294 
0.02483122772277227 0.0018609345990135454 
0.024279158415841585 0.002043737687982648 
0.0310810198019802 0.0022647169603504476 
0.026727980198019797 0.0024105098059042113 
0.024321980198019795 0.0019685600455849016 
0.022549346534653472 0.0020069798670750106 
0.023728891089108903 0.0017247924765456041 
0.023519386138613863 0.002105532631610861 
0.03385061386138614 0.0028294611283139312 
0.021829336633663366 0.0018492216359741753 
0.024214336633663364 0.002074152539705049 
0.023719495049504952 0.0019356187928829456 
0.024826851485148512 0.0024723189314357114 
0.021800782178217817 0.0019405243121432458 
0.029290980198019796 0.0020074735808537315 
0.025069435643564356 0.0025065320107881674 
0.02458052475247524 0.0017160488095372018 
0.0195199801980198 0.0018306194427467268 
0.02116275247524752 0.0022306997543768735 
0.022195 0.0020172611910388026 
0.029220643564356434 0.0022033004073060075 
0.029443237623762372 0.0023258839995104036 
0.024195594059405943 0.001784587192903059 
0.022956118811881185 0.002206933678910959 
0.022671485148514848 0.0023643199286532608 
0.02493528712871287 0.0024526011584253926 
0.023213712871287123 0.001888236315428669 
0.027371564356435642 0.001782901025755616 
0.028067495049504947 0.002432308847408859 
0.023002326732673266 0.0017230163460888364 
0.024106881188118805 0.0018395049123384802 
0.024699504950495055 0.001983297587172037 
0.024084594059405946 0.002267093420612942 
0.020901821782178212 0.002063622122693036 
0.02156223762376238 0.001828831213343999 
0.0229360198019802 0.002229750925042233 
0.022860792079207923 0.002418648519264269 
0.02451245544554456 0.002015232780327372 
0.024293603960396037 0.0021862852489296283 
0.028116940594059406 0.001958907322325646 
0.021010920792079203 0.0018878395881424324 
0.025064623762376233 0.0016957764707187294 
0.0308019900990099 0.002930269313122383 
0.02168755445544555 0.0020745874144282067 
0.022093762376237624 0.0019692496995501897 
0.024648722772277226 0.002003998019399882 
0.026607108910891096 0.0021170441700260737 
0.02138224752475247 0.00211590944988618 
0.022360811881188113 0.0022512143377107128 
0.026744920792079206 0.002028192946292209 
0.0227310198019802 0.001711465951334755 
0.02281127722772277 0.0022153249817193723 
0.02254872277227723 0.0022474795833555944 
0.020515831683168315 0.0018242817442929514 
0.018204049504950495 0.0017558597306131442 
0.022728920792079204 0.0019014947673243146 
0.021091653465346534 0.002041128470814412 
0.022537742574257426 0.0022269295811665362 
0.029833217821782176 0.00203781169566992 
0.01993235643564356 0.0017395447656687404 
0.020566930693069307 0.0016644036797177344 
0.02395549504950495 0.0021396331351298966 
0.02527456435643564 0.002637611011847396 
0.020197168316831684 0.001958490917681198 
0.024573099009900987 0.0019966666355612237 
0.026671574257425747 0.0018721126856715044 
0.020568059405940593 0.0020004998574454464 
0.026408831683168318 0.0024141615524592417 
0.02300816831683168 0.002022127034571931 
0.02489656435643564 0.0022216299137302374 
0.020406297029702966 0.0017300997198098807 
0.021949247524752483 0.002034146418427834 
0.02485719801980198 0.002375951798940199 
0.027447495049504944 0.0020120320284823644 
0.02422342574257426 0.002274649586097898 
0.022375643564356434 0.0018739597171413482 
0.027948198019801983 0.002348145474349694 
0.0303319306930693 0.002267186808558024 
0.02358421782178218 0.002059545747301316 
0.023815495049504948 0.001664297952807149 
0.023784455445544552 0.0021325968807854173 
0.021861504950495055 0.0023972544635158734 
0.02358696039603961 0.0025565348528578816 
0.022658029702970296 0.002434212558774593 
0.021655524752475248 0.0021271221789635874 
0.02705866336633663 0.0020689566284101102 
0.02054385148514851 0.001831014777809617 
0.0219800198019802 0.0019136039244853939 
0.021996990099009905 0.0015710737672306122 
