0.3470797683140387 -0.7345269620945937 0.058471307462755404 0.6760556546318383
0.36716297188364067 -0.7394736936512774 0.06993025533989018 0.6695434383113872
0.3501107431894904 -0.8151480985683488 0.3669516041299959 0.44819649443835313
0.3459531296573338 -0.7729609338323771 0.1586679429480488 0.6142929908843286
0.33922466261077855 -0.5773502691896237 -0.2113248654051896 0.7886751345948138
0.342955837819827 -0.5773502691896268 -0.21132486540518525 0.7886751345948125
0.34383839952177875 -0.7697865009312242 0.14915704781942066 0.6206294531118038
0.3402722199982205 -0.5032586377110558 -0.30519027282288075 0.808448910533936
0.3585729259813345 -0.5378761827940072 -0.2630552440755477 0.800931426869555
0.34013605442176864 -0.7071067811865482 1.3320312672695306e-15 0.7071067811865468
0.34027221999822044 -0.7573147060773118 0.11435482378614178 0.64295988229117
0.34 -0.7071067811865474 -2.5482890627310587e-16 0.7071067811865477
0.3584994481175693 -0.44819649443835335 -0.3669516041299954 0.8151480985683485
0.3421525043702153 -0.8051731040637718 0.28523151648064493 0.5199415875831269
0.34830907089854846 -0.4735233766302735 -0.3392866680218098 0.8128100446520835
0.35133164157186797 -0.6295454011969309 -0.13550992273253368 0.7650553239294648
0.348920325493047 -0.7426649470449813 0.07750159985022571 0.6651633471947554
0.34860858564985275 -0.6651633471947543 -0.07750159985022788 0.7426649470449816
0.34197957944792345 -0.7650553239294631 0.1355099227325298 0.6295454011969336
0.3612883236120204 -0.7946266865027062 0.23475159552668895 0.5598750909760175
0.3450396152809475 -0.43698928358766304 -0.37881622745446536 0.8158055110421283
0.37275586995626686 -0.7788145189268634 0.17707271486096207 0.6017418040659017
0.3440485008455478 -0.5305523052412559 -0.2722047201110369 0.8027570253522929
0.3541499933279946 -0.5032586377110582 -0.30519027282287736 0.8084489105339357
0.34908605208750865 -0.5126390267502782 -0.2940448397486763 0.8066838664989545
0.353700336422026 -0.4735233766302747 -0.33928666802180873 0.8128100446520838
0.33333333333333337 -0.7722377795709335 0.15647436262987363 0.6157634169410598
0.3466666666666667 -0.7071067811865475 -8.164572059255843e-16 0.7071067811865478
0.3629606480577186 -0.6390142356748151 -0.12065831123863739 0.7596725469134527
0.34488033871712587 -0.5773502691896243 -0.21132486540518858 0.7886751345948133
0.34394114744202753 -0.473523376630275 -0.33928666802180785 0.8128100446520835
0.35552776039493134 -0.7960584387633797 0.24080892312446922 0.5552495156389102
0.3457056826705887 -0.5378761827940078 -0.2630552440755473 0.8009314268695549
0.35189254787610014 -0.6731048962466262 -0.06369416208920811 0.7367990583358346
0.3435168348776796 -0.665163347194753 -0.07750159985023017 0.7426649470449829
0.3578612859459646 -0.5773502691896265 -0.21132486540518602 0.7886751345948125
0.35563754600102715 -0.45414886478939465 -0.36055777099265773 0.8147066357820525
0.3532634873370146 -0.525780677597111 -0.2780958064021711 0.8038764839992824
0.3597532430787552 -0.6474268672351408 -0.10713321971348236 0.7545600869486232
0.3489203254930471 -0.6651633471947553 -0.07750159985022574 0.7426649470449811
0.34027221999822044 -0.6429598822911695 -0.1143548237861424 0.7573147060773121
0.3608932428235895 -0.6295454011969307 -0.1355099227325333 0.7650553239294643
0.3590130422968393 -0.44819649443835335 -0.3669516041299952 0.8151480985683487
0.3486709175266084 -0.693669653022422 -0.026148831786058434 0.7198184848084804
0.3372608861849634 -0.5773502691896264 -0.21132486540518622 0.7886751345948126
0.34786299647846897 -0.7995129633058387 0.2562843027141524 0.5432286605916863
0.3534257125778057 -0.4416820320445472 -0.37387550209938564 0.8155575341439328
0.3587920871941992 -0.47352337663027466 -0.3392866680218089 0.8128100446520841
0.3580780320078442 -0.7729609338323771 0.15866794294804784 0.6142929908843292
0.3522713073565647 -0.4621649762968686 -0.3518434514128335 0.8140084277097016
0.3490860520875088 -0.5126390267502782 -0.2940448397486763 0.8066838664989543
0.35010327267793095 -0.6563297979694188 -0.09245773143722406 0.7487875294066431
0.3474943265269804 -0.6429598822911722 -0.11435482378613825 0.7573147060773106
0.36932994981040257 -0.8051731040637717 0.28523151648064576 0.5199415875831263
0.34595312965733394 -0.6142929908843276 -0.15866794294805045 0.7729609338323781
0.34721110666310756 -0.6429598822911705 -0.11435482378614154 0.7573147060773116
0.34872934051172333 -0.7886751345948132 0.21132486540518794 0.5773502691896252
0.3574472604602341 -0.5969691090940443 -0.1839270042807044 0.7808961133747491
0.3453518375848799 -0.7513044756247933 0.09878369738279882 0.6525207782419946
0.3435374149659863 -0.4082482904638635 -0.4082482904638623 0.8164965809277259
0.34786299647846897 -0.6095648357463094 -0.16566740226304313 0.7752322380093527
0.36845217917617573 -0.436989283587662 -0.37881622745446625 0.8158055110421283
0.3421525043702153 -0.7650553239294646 0.1355099227325346 0.6295454011969306
0.3525783423063209 -0.5773502691896262 -0.2113248654051867 0.7886751345948126
0.34680483961442454 -0.45783776439584467 -0.35656248908536714 0.814400253481212
0.36165531972062764 -0.5032586377110585 -0.30519027282287714 0.8084489105339354
0.3568986504431139 -0.5773502691896263 -0.21132486540518633 0.7886751345948126
0.34786299647846897 -0.5432286605916872 -0.25628430271415137 0.7995129633058389
0.3401360544217686 -0.408248290463864 -0.4082482904638622 0.8164965809277264
0.3533333333333332 -0.7071067811865478 4.567407540531593e-16 0.7071067811865469
0.35286488425694096 -0.5257806775971084 -0.27809580640217435 0.803876483999283
0.3516919018242871 -0.5505197150873826 -0.24694319920251356 0.7974629142898964
0.34595312965733394 -0.8009314268695552 0.2630552440755486 0.5378761827940066
0.3435374149659861 -0.40824829046386396 -0.40824829046386224 0.8164965809277258
0.3675440095963125 -0.7487875294066427 0.09245773143722352 0.6563297979694191
0.3590130422968393 -0.44819649443835335 -0.3669516041299952 0.8151480985683487
0.35228746901025776 -0.4953804356948819 -0.31440289538920213 0.8097833310840844
0.3520665664873677 -0.6029881507681338 -0.1752699831657779 0.7782581339339115
0.35342571257780564 -0.7258676019747683 0.03914811831665597 0.6867194836581123
0.36128832361202035 -0.559875090976018 -0.23475159552668817 0.7946266865027064
0.36381934163208335 -0.5932356474588943 -0.18923565206137147 0.7824712995202662
0.3507877599981187 -0.48569317780270543 -0.3255516894008709 0.8112448672035762
0.3569819962819919 -0.8137702521890265 0.3491488074626786 0.46462144472634764
0.3697029817059987 -0.5636899335393701 -0.22971172033330356 0.7934016538726739
0.3525783423063209 -0.5773502691896262 -0.2113248654051867 0.7886751345948126
0.36168300182705126 -0.713934337813358 0.01385884640742571 0.7000754914059322
0.33529710975914834 -0.5773502691896202 -0.21132486540519485 0.7886751345948151
0.3537003364220259 -0.6651633471947548 -0.07750159985022746 0.7426649470449821
0.36185883361770776 -0.5598750909760177 -0.23475159552668853 0.7946266865027065
0.35206656648736767 -0.7175664381323674 0.02140538169460998 0.696161056437758
0.3707997996414021 -0.42664557910065454 -0.38957037045018245 0.8162159495508371
0.34027221999822055 -0.6429598822911693 -0.11435482378614266 0.7573147060773124
0.348364165842743 -0.4306844310425194 -0.3853933258304955 0.8160777568730145
0.3635652871337265 -0.7596725469134522 0.12065831123863692 0.6390142356748154
0.3571428571428571 -0.5345224838248491 -0.2672612419124241 0.8017837257372729
0.3421525043702153 -0.5199415875831254 -0.28523151648064643 0.805173104063772
0.341722038261412 -0.6824855815618639 -0.04690675928981439 0.7293923408516789
0.3532634873370147 -0.7676779201775908 0.14300092705859457 0.6246769931189967
0.3452785189941639 -0.8158055110421278 0.37881622745446564 0.43698928358766265
0.3453518375848799 -0.6525207782419955 -0.09878369738279676 0.7513044756247926
0.36112712597423324 -0.42019159082424506 -0.39618736471228877 0.816378955536534
0.3421525043702153 -0.5199415875831265 -0.2852315164806454 0.805173104063772
0.35189254787610014 -0.6731048962466262 -0.06369416208920811 0.7367990583358346
0.35552776039493134 -0.55524951563891 -0.24080892312446944 0.7960584387633795
0.36168300182705126 -0.5239691767729384 -0.2803181189126158 0.8042872956855541
0.3433333333333333 -0.7071067811865474 -5.637236818142959e-16 0.707106781186548
0.34172203826141195 -0.7293923408516784 0.046906759289813936 0.6824855815618643
0.3801584611237899 -0.4369892835876629 -0.37881622745446486 0.8158055110421284
0.3584051523667755 -0.6333764110544803 -0.12954686866551043 0.7629232797199909
0.33842508410550654 -0.6651633471947554 -0.07750159985022588 0.7426649470449811
0.3453518375848799 -0.6525207782419943 -0.09878369738279887 0.7513044756247933
0.365708449520741 -0.7459307982823018 0.08540595636375506 0.6605248419185467
0.3474943265269804 -0.6429598822911721 -0.11435482378613848 0.757314706077311
0.3567458972285617 -0.689715182300788 -0.03358622961808332 0.7233014119188711
0.35011184647046356 -0.5473083814572535 -0.25107445503981346 0.7983828364970674
0.3466666666666667 -0.4082482904638634 -0.40824829046386263 0.8164965809277259
0.36766002452415847 -0.7014296381870228 -0.011220737331409067 0.7126503755184319
0.35228746901025765 -0.49538043569488177 -0.3144028953892027 0.8097833310840842
0.3555277603949314 -0.5552495156389098 -0.2408089231244694 0.7960584387633797
0.35936749891968894 -0.5955441321364432 -0.1859586338138386 0.7815027659502819
0.3616830018270513 -0.7000754914059324 -0.01385884640742541 0.7139343378133577
0.3400000000000001 -0.8164965809277261 0.40824829046386296 0.408248290463863
0.357447260460234 -0.5570408866987484 -0.23846997040063356 0.7955108570993819
0.36493732395638634 -0.607624994137044 -0.16851567261328695 0.7761406667503311
0.34394114744202736 -0.6651633471947557 -0.07750159985022556 0.7426649470449813
0.34172203826141195 -0.7293923408516788 0.04690675928981415 0.6824855815618643
0.3643052441439252 -0.8100657595736975 0.3164603170220981 0.4936054425515997
0.35790371598610654 -0.5152678804140742 -0.29088612192395763 0.8061540023380319
0.3451159918882235 -0.5773502691896262 -0.21132486540518644 0.7886751345948128
0.36356528713372654 -0.6390142356748154 -0.12065831123863731 0.7596725469134525
0.3522874690102577 -0.7535366520863812 0.10448743161275896 0.6490492204736222
0.34559711318185016 -0.49079863552085085 -0.31970025269433416 0.8104988882151843
0.3513319298930918 -0.7782581339339113 0.17526998316577755 0.6029881507681341
0.37259438189747307 -0.6970900884234733 -0.01962483025698714 0.7167149186804602
0.3547628709944509 -0.45414886478939426 -0.3605577709926585 0.8147066357820527
0.3453518375848801 -0.4907986355208494 -0.31970025269433555 0.8104988882151849
0.3486085856498528 -0.6651633471947541 -0.07750159985022821 0.7426649470449821
0.353700336422026 -0.4735233766302747 -0.33928666802180873 0.8128100446520838
0.3421525043702154 -0.5199415875831256 -0.2852315164806463 0.8051731040637721
0.35642734410091836 -0.5773502691896262 -0.2113248654051867 0.7886751345948124
0.3459531296573338 -0.7729609338323771 0.1586679429480488 0.6142929908843286
0.35228746901025765 -0.649049220473622 -0.10448743161276003 0.7535366520863817
0.3468048396144245 -0.7345269620945941 0.05847130746275628 0.6760556546318378
0.35519146174767324 -0.732574064817663 0.05403484319729877 0.6785392216203642
0.3372608861849634 -0.5773502691896264 -0.21132486540518622 0.7886751345948126
0.34351683487767964 -0.6651633471947548 -0.07750159985022682 0.7426649470449819
0.3582928959420253 -0.6651633471947543 -0.07750159985022811 0.7426649470449822
0.35457482312380406 -0.642959882291171 -0.11435482378614048 0.7573147060773112
0.34621067652108906 -0.5378761827940074 -0.2630552440755475 0.8009314268695551
0.3568986504431139 -0.7886751345948125 0.21132486540518686 0.5773502691896261
0.3547636683577622 -0.5305523052412566 -0.27220472011103575 0.8027570253522922
0.36866247354574355 -0.45555706622644493 -0.3590355938114503 0.8145926600378952
0.3448803387171259 -0.5773502691896244 -0.2113248654051886 0.7886751345948131
0.357447260460234 -0.7808961133747485 0.18392700428070408 0.5969691090940445
0.3578608930303673 -0.49079863552085107 -0.31970025269433394 0.8104988882151845
0.3421525043702153 -0.5199415875831254 -0.28523151648064643 0.805173104063772
0.3571428571428571 -0.816496580927726 0.4082482904638626 0.4082482904638636
0.3504531393090039 -0.7293923408516767 0.04690675928981063 0.6824855815618663
0.3579393814220076 -0.7955108570993817 0.23846997040063247 0.5570408866987493
0.3545748231238041 -0.6429598822911713 -0.11435482378613998 0.7573147060773111
0.3435168348776798 -0.8128100446520835 0.33928666802180873 0.4735233766302746
0.3603307956911354 -0.6295454011969309 -0.13550992273253376 0.7650553239294647
0.3433333333333333 -0.7071067811865474 -5.637236818142959e-16 0.707106781186548
0.36027634589551594 -0.45783776439584506 -0.35656248908536686 0.814400253481212
0.35286488425694096 -0.5257806775971084 -0.27809580640217435 0.803876483999283
0.3486709175266084 -0.43068443104252085 -0.38539332583049385 0.8160777568730145
0.34654069243244257 -0.4578377643958443 -0.3565624890853673 0.8144002534812118
0.3372608861849634 -0.5773502691896264 -0.21132486540518622 0.7886751345948126
0.36226156649018837 -0.42019159082424534 -0.39618736471228816 0.8163789555365341
0.3472111066631076 -0.5032586377110564 -0.3051902728228794 0.8084489105339363
0.34872934051172333 -0.7886751345948132 0.21132486540518794 0.5773502691896252
0.3504531393090038 -0.4481964944383542 -0.3669516041299945 0.8151480985683485
0.3435374149659863 -0.4082482904638635 -0.4082482904638623 0.8164965809277259
0.3526742881057052 -0.6490492204736215 -0.10448743161275983 0.7535366520863821
0.3489203254930471 -0.6651633471947553 -0.07750159985022574 0.7426649470449811
0.3513319298930918 -0.797462914289896 0.24694319920251293 0.5505197150873836
0.33673469387755095 -0.7071067811865475 0.0 0.7071067811865476
0.3421525043702153 -0.5199415875831265 -0.2852315164806454 0.805173104063772
0.34559711318185016 -0.4907986355208492 -0.31970025269433533 0.8104988882151849
0.365708449520741 -0.6605248419185467 -0.08540595636375467 0.7459307982823014
0.34313725490196073 -0.7071067811865469 -1.1657801970584293e-15 0.7071067811865482
0.35666666666666663 -0.7715167498104596 0.15430334996209166 0.6172133998483675
0.34372466143980895 -0.473523376630276 -0.3392866680218076 0.8128100446520835
0.3468048396144246 -0.5773502691896264 -0.2113248654051861 0.7886751345948126
0.35519146174767335 -0.45414886478939465 -0.36055777099265796 0.8147066357820526
0.3421525043702153 -0.5199415875831265 -0.2852315164806454 0.805173104063772
0.3604817593841569 -0.5407458348243012 -0.2594340819660454 0.8001799167903463
0.3404138299301569 -0.5032586377110565 -0.3051902728228797 0.8084489105339363
0.3522874690102577 -0.6490492204736219 -0.10448743161275989 0.7535366520863817
0.35011074318949054 -0.44819649443835263 -0.3669516041299963 0.8151480985683487
0.3453518375848799 -0.6525207782419955 -0.09878369738279676 0.7513044756247926
0.33852899738657116 -0.6651633471947525 -0.07750159985023014 0.742664947044983
0.34404850084554767 -0.5305523052412563 -0.2722047201110367 0.8027570253522927
0.34233248745260064 -0.6295454011969297 -0.1355099227325357 0.7650553239294652
0.3618133458177252 -0.685478911707345 -0.04143367725610818 0.7269125889634536
0.3579393814220076 -0.5969691090940452 -0.1839270042807033 0.7808961133747484
0.35011074318949054 -0.4481964944383521 -0.3669516041299967 0.815148098568349
0.35011184647046356 -0.5473083814572535 -0.25107445503981346 0.7983828364970674
0.3450396152809475 -0.43698928358766165 -0.37881622745446686 0.8158055110421282
0.36802776665776893 -0.5032586377110579 -0.30519027282287803 0.8084489105339356
0.3750998802871388 -0.7208006703491465 0.028233516816438268 0.692567153532708
0.3604817593841569 -0.5407458348243012 -0.2594340819660454 0.8001799167903463
0.3392246626107784 -0.788675134594813 0.21132486540518733 0.5773502691896256
0.3481595202161246 -0.7752322380093519 0.16566740226304089 0.6095648357463112
0.34172203826141195 -0.7293923408516784 0.046906759289813936 0.6824855815618643
0.3486709175266084 -0.4306844310425197 -0.38539332583049507 0.8160777568730148
0.34570568267058877 -0.6142929908843295 -0.1586679429480473 0.7729609338323769
0.3418932363211686 -0.6824855815618661 -0.04690675928981086 0.729392340851677
0.36616285933932047 -0.49871951325923924 -0.31051445720849835 0.8092339704677379
0.3555277603949314 -0.4829162437410676 -0.3287119634095198 0.8116282071505871
0.35414999332799457 -0.6429598822911718 -0.11435482378613913 0.7573147060773108
0.3490860520875088 -0.5126390267502783 -0.2940448397486762 0.8066838664989543
0.35999999999999993 -0.7071067811865471 -6.374234883122383e-16 0.7071067811865479
0.34511618063877114 -0.7513044756247936 0.09878369738279963 0.6525207782419941
0.3452785189941639 -0.8158055110421278 0.37881622745446564 0.43698928358766265
0.3490435447398537 -0.5773502691896265 -0.21132486540518655 0.7886751345948125
0.34172203826141195 -0.7293923408516784 0.046906759289813936 0.6824855815618643
0.3513316415718679 -0.8051731040637715 0.2852315164806435 0.5199415875831276
0.3704517624188668 -0.7367990583358333 0.06369416208920561 0.6731048962466281
0.35189254787610014 -0.8140084277097016 0.35184345141283524 0.46216497629686615
0.3448803387171259 -0.5773502691896244 -0.2113248654051886 0.7886751345948131
0.3571428571428572 -0.5345224838248492 -0.26726124191242395 0.8017837257372734
0.34027221999822044 -0.6429598822911695 -0.1143548237861424 0.7573147060773121
0.3662192190821083 -0.547308381457254 -0.25107445503981285 0.7983828364970671
0.33718233512793094 -0.5773502691896311 -0.21132486540517956 0.7886751345948109
0.33666666666666667 -0.4082482904638649 -0.4082482904638608 0.8164965809277257
0.3667175325721892 -0.5773502691896264 -0.21132486540518633 0.7886751345948128
0.3418932363211684 -0.4481964944383539 -0.36695160412999456 0.8151480985683489
0.3450396152809475 -0.43698928358766304 -0.37881622745446536 0.8158055110421283
0.34372466143980906 -0.6651633471947538 -0.07750159985022813 0.7426649470449823
0.34680483961442454 -0.7345269620945944 0.05847130746275705 0.6760556546318371
0.3457056826705887 -0.7729609338323761 0.15866794294804581 0.6142929908843309
0.34027221999822044 -0.6429598822911695 -0.1143548237861424 0.7573147060773121
0.3429558378198271 -0.5773502691896277 -0.21132486540518441 0.7886751345948123
0.35043867146482294 -0.4856931778027034 -0.3255516894008732 0.8112448672035766
0.351691901824287 -0.6029881507681332 -0.1752699831657789 0.7782581339339119
0.351691901824287 -0.426645579100653 -0.38957037045018394 0.8162159495508372
0.3429558378198271 -0.5773502691896277 -0.21132486540518441 0.7886751345948123
0.3507877599981186 -0.656329797969419 -0.09245773143722318 0.7487875294066425
0.3468048396144245 -0.5773502691896252 -0.21132486540518844 0.7886751345948133
0.3588570250846622 -0.5955441321364432 -0.18595863381383826 0.7815027659502818
0.35043867146482294 -0.4856931778027034 -0.3255516894008732 0.8112448672035766
0.34426717773355214 -0.7697865009312254 0.14915704781942296 0.6206294531118022
0.34488033871712587 -0.5773502691896243 -0.21132486540518886 0.7886751345948135
0.35459610162956773 -0.6978739063805884 -0.01811754970379035 0.7159914560843789
0.35674589722856165 -0.6897151823007874 -0.033586229618083635 0.7233014119188712
0.35666666666666685 -0.7071067811865477 1.4599610049614117e-16 0.7071067811865474
0.34172203826141195 -0.6824855815618641 -0.04690675928981477 0.7293923408516788
0.34000000000000014 -0.4082482904638633 -0.4082482904638627 0.816496580927726
0.34503961528094745 -0.7233014119188709 0.03358622961808253 0.6897151823007882
0.33525783423063216 -0.5773502691896303 -0.2113248654051805 0.7886751345948113
0.36033079569113535 -0.5199415875831264 -0.285231516480645 0.8051731040637716
0.3500000000000001 -0.40824829046386363 -0.40824829046386263 0.816496580927726
0.36493732395638634 -0.7526749194818041 0.1022747859100888 0.6504001335717153
0.3529411764705882 -0.7071067811865475 -2.364660788000487e-16 0.7071067811865478
0.3486709175266084 -0.693669653022422 -0.026148831786058434 0.7198184848084804
0.33832524585507173 -0.6651633471947569 -0.07750159985022319 0.74266494704498
0.3824363995421875 -0.7921484505850256 0.22468103938126613 0.5674674112037597
0.35206656648736767 -0.6029881507681338 -0.17526998316577802 0.7782581339339119
0.3472111066631075 -0.6429598822911695 -0.11435482378614234 0.7573147060773121
0.34426717773355203 -0.5305523052412572 -0.2722047201110352 0.8027570253522922
0.349453865563125 -0.6059044497718339 -0.17103073716020817 0.7769351869320419
0.3410313369225284 -0.5773502691896271 -0.21132486540518525 0.7886751345948124
0.3481595202161247 -0.543228660591689 -0.2562843027141489 0.7995129633058378
0.35793938142200754 -0.5969691090940449 -0.18392700428070335 0.7808961133747482
0.3427671612612684 -0.5773502691896265 -0.21132486540518616 0.7886751345948129
0.3418932363211684 -0.4481964944383539 -0.36695160412999456 0.8151480985683489
0.35043867146482305 -0.6563297979694184 -0.09245773143722445 0.7487875294066431
0.3520665664873677 -0.696161056437757 -0.02140538169461137 0.7175664381323682
0.35457482312380406 -0.5032586377110594 -0.3051902728228766 0.8084489105339354
0.36672217600292617 -0.5165050830043794 -0.28939412782300494 0.8058992108273845
0.3385289973865712 -0.742664947044984 0.07750159985023185 0.6651633471947516
0.3537003364220259 -0.4735233766302746 -0.33928666802180907 0.8128100446520838
0.3506538414090221 -0.5773502691896267 -0.21132486540518575 0.7886751345948129
0.35370033642202603 -0.742664947044982 0.07750159985022768 0.6651633471947543
0.354574823123804 -0.503258637711059 -0.3051902728228766 0.8084489105339356
0.34786299647846897 -0.6095648357463094 -0.16566740226304313 0.7752322380093527
0.3453518375848799 -0.6525207782419943 -0.09878369738279887 0.7513044756247933
0.3725597367165673 -0.5109541752508963 -0.2960611006219811 0.8070152758728779
0.33718233512793094 -0.5773502691896307 -0.2113248654051808 0.7886751345948114
0.34118843903659346 -0.5773502691896257 -0.21132486540518727 0.7886751345948129
0.35552776039493134 -0.5552495156389108 -0.2408089231244682 0.7960584387633792
0.3352578342306321 -0.5773502691896372 -0.2113248654051707 0.7886751345948082
0.341722038261412 -0.4481964944383507 -0.36695160412999794 0.8151480985683487
0.34013605442176864 -0.7071067811865467 -1.2064279384149498e-15 0.7071067811865482
0.35786128594596445 -0.7148283500303166 0.01570476265620501 0.6991235873741117
0.36108887999288175 -0.6429598822911712 -0.1143548237861399 0.7573147060773112
0.3560228642851801 -0.7603843677841677 0.12258451723190239 0.6377998505522658
0.3519158192911023 -0.6490492204736212 -0.1044874316127605 0.7535366520863818
0.36239265962360456 -0.609564835746312 -0.16566740226304025 0.7752322380093515
0.35043867146482294 -0.6563297979694187 -0.09245773143722458 0.748787529406643
0.36027634589551594 -0.5773502691896258 -0.21132486540518708 0.7886751345948131
0.346938775510204 -0.7071067811865477 2.1060596509414386e-16 0.7071067811865477
0.3585729259813346 -0.5378761827940058 -0.26305524407554975 0.8009314268695558
0.342955837819827 -0.5773502691896276 -0.21132486540518447 0.7886751345948122
0.3437246614398092 -0.6651633471947542 -0.07750159985022823 0.7426649470449822
0.3518925478761 -0.8140084277097017 0.35184345141283596 0.4621649762968659
0.3504386714648229 -0.48569317780270443 -0.3255516894008719 0.8112448672035766
0.3353380217680195 -0.5773502691896262 -0.2113248654051867 0.7886751345948128
0.3541159895462849 -0.47352337663027516 -0.33928666802180774 0.8128100446520834
0.36239265962360456 -0.5432286605916884 -0.2562843027141495 0.7995129633058382
0.3411884390365935 -0.5773502691896248 -0.21132486540518833 0.7886751345948131
0.34172203826141195 -0.6824855815618646 -0.04690675928981358 0.7293923408516781
0.3504531393090039 -0.44819649443835435 -0.36695160412999417 0.8151480985683488
0.3681343550297018 -0.6043681627733531 -0.1732676436806234 0.7776358064539767
0.345953129657334 -0.614292990884327 -0.15866794294805123 0.7729609338323783
0.3466666666666667 -0.40824829046386385 -0.40824829046386224 0.8164965809277259
0.351691901824287 -0.6029881507681334 -0.17526998316577824 0.7782581339339116
0.3352578342306321 -0.5773502691896324 -0.2113248654051778 0.7886751345948105
0.360614987336771 -0.4334493017894262 -0.382517601523868 0.8159669033132939
0.3547636683577622 -0.5305523052412573 -0.2722047201110355 0.8027570253522923
0.34527851899416423 -0.7233014119188712 0.03358622961808286 0.689715182300788
0.3706450854238193 -0.5073127168231529 -0.30039720895545513 0.8077099257786079
0.35502135699549237 -0.423838032106329 -0.3924575155107077 0.8162955476170363
0.36103580889539827 -0.6117684274190981 -0.16241541623891975 0.7741838436580177
0.348920325493047 -0.7426649470449813 0.07750159985022571 0.6651633471947554
0.3677414759761757 -0.5914464417775352 -0.19176352752755585 0.783209969305091
0.3517066063268375 -0.5199415875831268 -0.2852315164806446 0.8051731040637715
0.3522874690102577 -0.495380435694882 -0.31440289538920224 0.8097833310840841
0.33525783423063205 -0.5773502691896372 -0.21132486540517137 0.7886751345948086
0.3547636683577622 -0.5305523052412573 -0.2722047201110355 0.8027570253522923
0.33852899738657116 -0.6651633471947525 -0.07750159985023014 0.742664947044983
0.348364165842743 -0.6936696530224226 -0.02614883178605796 0.7198184848084801
0.3466666666666666 -0.7071067811865474 -1.8426351437421313e-16 0.7071067811865478
0.3606178425729082 -0.481170929126451 -0.3306902155796373 0.8118611447060888
0.34527851899416406 -0.43698928358766415 -0.3788162274544638 0.8158055110421281
0.35922484488384676 -0.49749886256026454 -0.3119386828380756 0.8094375453983399
0.3429558378198271 -0.5773502691896275 -0.21132486540518453 0.7886751345948121
0.3638838379663722 -0.4735233766302753 -0.3392866680218086 0.8128100446520837
0.3404138299301569 -0.5032586377110565 -0.3051902728228797 0.8084489105339363
0.3526742881057051 -0.49538043569488194 -0.31440289538920196 0.8097833310840842
0.36536341178977677 -0.6743493072081612 -0.06149784218777226 0.7358471493959332
0.33333333333333337 -0.7722377795709335 0.15647436262987363 0.6157634169410598
0.3450396152809475 -0.7233014119188709 0.033586229618083246 0.6897151823007878
0.3543434657102243 -0.6206294531118013 -0.14915704781942446 0.769786500931226
0.37102144638781304 -0.8070152758728775 0.29606110062198143 0.5109541752508965
0.3371823351279309 -0.57735026918963 -0.21132486540518175 0.7886751345948114
0.34860858564985286 -0.7426649470449828 0.07750159985022921 0.6651633471947537
0.34707976831403864 -0.6760556546318373 -0.058471307462757 0.7345269620945944
0.36866247354574366 -0.45555706622644493 -0.3590355938114498 0.8145926600378949
0.36430524414392523 -0.6076249941370432 -0.16851567261328879 0.7761406667503314
0.3538357611338153 -0.6867194836581136 -0.039148118316653886 0.7258676019747673
0.34535183758488 -0.652520778241995 -0.0987836973827982 0.751304475624793
0.3522874690102577 -0.4953804356948816 -0.31440289538920263 0.8097833310840842
0.3547636683577622 -0.5305523052412573 -0.2722047201110355 0.8027570253522923
0.357447260460234 -0.7808961133747485 0.18392700428070408 0.5969691090940445
0.3768372710010041 -0.7589254372774455 0.11864834884685599 0.6402770884305895
0.3584994481175691 -0.4481964944383533 -0.3669516041299952 0.8151480985683485
0.35552776039493117 -0.7801780112322444 0.1815423607323581 0.5986356504998861
0.36513130671389815 -0.7249268147422551 0.037100786668108995 0.6878260280741462
0.35674589722856165 -0.6897151823007874 -0.033586229618083635 0.7233014119188712
0.3386372403876803 -0.4735233766302776 -0.3392866680218058 0.8128100446520832
0.3404138299301569 -0.5032586377110558 -0.30519027282288064 0.8084489105339361
0.35922484488384676 -0.6474268672351402 -0.10713321971348354 0.7545600869486236
0.34836416584274293 -0.6936696530224229 -0.026148831786057345 0.7198184848084802
0.3452785189941642 -0.6897151823007875 -0.03358622961808397 0.7233014119188713
0.36239265962360456 -0.5432286605916882 -0.25628430271414976 0.799512963305838
0.3472222222222222 -0.8164965809277257 0.4082482904638616 0.408248290463864
0.3469389934605628 -0.642959882291172 -0.11435482378613877 0.7573147060773104
0.35557797152141846 -0.5097823234500914 -0.29745971138313515 0.8072420348332265
0.3452785189941642 -0.6897151823007875 -0.03358622961808397 0.7233014119188713
0.34680483961442454 -0.4578377643958445 -0.3565624890853668 0.8144002534812118
0.34465392684685536 -0.5773502691896255 -0.21132486540518747 0.7886751345948128
0.3507877599981186 -0.6563297979694184 -0.09245773143722445 0.7487875294066431
0.33852899738657116 -0.8128100446520836 0.3392866680218102 0.4735233766302734
0.3574472604602341 -0.5570408866987491 -0.23846997040063306 0.7955108570993815
0.3402722199982204 -0.5032586377110583 -0.30519027282287786 0.8084489105339355
0.3490860520875088 -0.5126390267502782 -0.2940448397486763 0.8066838664989543
0.3650146165097405 -0.4189408585601997 -0.3974615420079783 0.8164024005681778
0.3534257125778057 -0.7258676019747682 0.03914811831665559 0.6867194836581126
0.34503961528094745 -0.7233014119188705 0.03358622961808183 0.6897151823007883
0.3489203254930471 -0.47352337663027505 -0.339286668021808 0.8128100446520834
0.3385289973865712 -0.742664947044984 0.07750159985023185 0.6651633471947516
0.3608262032947441 -0.4578377643958445 -0.35656248908536775 0.814400253481212
0.3555277603949313 -0.5986356504998853 -0.18154236073235996 0.7801780112322453
0.35045313930900396 -0.7293923408516766 0.04690675928981 0.6824855815618667
0.3532634873370147 -0.6246769931189968 -0.14300092705859455 0.7676779201775908
0.3478629964784689 -0.5432286605916875 -0.256284302714151 0.7995129633058384
0.3489203254930471 -0.6651633471947553 -0.07750159985022574 0.7426649470449811
0.36027634589551605 -0.5773502691896262 -0.21132486540518658 0.7886751345948126
0.34013616339694813 -0.7573147060773089 0.11435482378613453 0.6429598822911747
0.3541499933279947 -0.6429598822911715 -0.11435482378613951 0.7573147060773109
0.34372466143980906 -0.6651633471947538 -0.07750159985022813 0.7426649470449823
0.34013616339694813 -0.6429598822911731 -0.11435482378613704 0.75731470607731
0.3391068360252296 -0.5773502691896265 -0.21132486540518625 0.7886751345948126
0.3643052441439252 -0.6076249941370433 -0.16851567261328795 0.7761406667503311
0.3468048396144245 -0.6760556546318379 -0.05847130746275627 0.7345269620945943
0.3525783423063208 -0.7886751345948118 0.2113248654051846 0.5773502691896277
0.3478629964784689 -0.6095648357463095 -0.1656674022630432 0.7752322380093528
0.35786128594596445 -0.8163455316816399 0.39457204242014227 0.4217734892614973
0.33666666666666667 -0.8164965809277257 0.40824829046385586 0.40824829046387034
0.35674589722856176 -0.7233014119188704 0.03358622961808273 0.6897151823007882
0.35133192989309187 -0.5505197150873838 -0.246943199202512 0.797462914289896
0.3611746692920832 -0.48117092912645226 -0.33069021557963607 0.8118611447060885
0.3490860520875088 -0.5126390267502783 -0.2940448397486762 0.8066838664989543
0.34404850084554783 -0.5305523052412559 -0.2722047201110367 0.8027570253522927
0.34215250437021527 -0.5199415875831245 -0.28523151648064776 0.8051731040637722
0.34559711318185027 -0.6525207782419944 -0.09878369738279864 0.7513044756247932
0.35674589722856176 -0.7233014119188713 0.033586229618083545 0.6897151823007877
0.34908605208750865 -0.6355060148568168 -0.126205412708664 0.7617114275654806
0.34215250437021527 -0.5199415875831245 -0.28523151648064776 0.8051731040637722
0.34535183758488003 -0.49079863552084885 -0.319700252694336 0.8104988882151852
0.3566666666666667 -0.6172133998483673 -0.15430334996209227 0.7715167498104596
0.33726088618496336 -0.788675134594814 0.21132486540519163 0.5773502691896225
0.3372608861849634 -0.5773502691896241 -0.2113248654051891 0.7886751345948133
0.3573703418364268 -0.751304475624794 0.09878369738279973 0.652520778241994
0.3550213569954924 -0.8162955476170368 0.39245751551070723 0.4238380321063291
0.3671629718836407 -0.8134964204314391 0.3461868325982416 0.46730958783319665
0.3437246614398091 -0.6651633471947551 -0.07750159985022606 0.7426649470449813
0.3400000000000001 -0.8164965809277261 0.40824829046386296 0.408248290463863
0.35411598954628504 -0.4735233766302753 -0.33928666802180796 0.8128100446520837
0.3448100803407982 -0.6897151823007895 -0.033586229618080714 0.7233014119188699
0.3487293405117233 -0.5773502691896264 -0.21132486540518666 0.7886751345948129
0.34118843903659346 -0.5773502691896241 -0.21132486540518955 0.7886751345948133
0.33842508410550654 -0.4735233766302733 -0.33928666802181057 0.8128100446520833
0.37196741922380816 -0.5518817517423283 -0.24518281296898536 0.7970645647113133
0.34908605208750876 -0.635506014856818 -0.126205412708663 0.7617114275654804
0.3556375460010271 -0.7325740648176629 0.05403484319729772 0.6785392216203646
0.3572237046549948 -0.7233014119188714 0.033586229618084586 0.6897151823007871
0.36388383796637214 -0.8128100446520832 0.3392866680218087 0.4735233766302751
0.3526658484820486 -0.7367990583358336 0.06369416208920689 0.6731048962466268
0.3385289973865712 -0.6651633471947562 -0.07750159985022453 0.7426649470449805
0.33832524585507184 -0.6651633471947564 -0.07750159985022437 0.7426649470449807
0.35326348733701457 -0.6246769931189962 -0.14300092705859438 0.7676779201775906
0.33666666666666667 -0.4082482904638649 -0.4082482904638608 0.8164965809277257
0.34503961528094745 -0.7233014119188709 0.03358622961808253 0.6897151823007882
0.35737034183642646 -0.49079863552085046 -0.3197002526943342 0.8104988882151841
0.34559711318185027 -0.49079863552085073 -0.31970025269433394 0.8104988882151847
0.3404138299301569 -0.503258637711054 -0.3051902728228828 0.8084489105339364
0.3366666666666667 -0.7071067811865486 1.7653085267279043e-15 0.7071067811865469
0.3410313369225283 -0.7886751345948122 0.21132486540518497 0.5773502691896273
0.3579037159861066 -0.5152678804140757 -0.2908861219239566 0.8061540023380317
0.3516919018242871 -0.5505197150873826 -0.24694319920251356 0.7974629142898964
0.3411884390365935 -0.5773502691896248 -0.21132486540518833 0.7886751345948131
0.3584051523667754 -0.63337641105448 -0.12954686866551063 0.7629232797199906
0.351691901824287 -0.550519715087382 -0.24694319920251506 0.7974629142898967
0.3472111066631075 -0.64295988229117 -0.11435482378614202 0.7573147060773119
0.35835184499821704 -0.5773502691896248 -0.2113248654051878 0.7886751345948128
0.34372466143980906 -0.6651633471947538 -0.07750159985022813 0.7426649470449823
0.3472111066631075 -0.64295988229117 -0.11435482378614202 0.7573147060773119
0.3583518449982171 -0.42177348926149777 -0.39457204242014204 0.8163455316816398
0.3435168348776796 -0.6651633471947539 -0.07750159985022835 0.7426649470449822
0.34872934051172333 -0.5773502691896261 -0.2113248654051865 0.7886751345948128
0.3435168348776797 -0.47352337663027516 -0.3392866680218086 0.8128100446520835
0.360826203294744 -0.814400253481212 0.35656248908536714 0.4578377643958446
0.3469389934605628 -0.642959882291172 -0.11435482378613877 0.7573147060773104
0.34693899346056295 -0.5032586377110569 -0.3051902728228788 0.808448910533936
0.35043867146482305 -0.6563297979694184 -0.09245773143722445 0.7487875294066431
0.37275586995626697 -0.45156831034866324 -0.36333768775515923 0.8149059981038229
0.34860858564985275 -0.47352337663027533 -0.3392866680218077 0.8128100446520835
0.3513316415718679 -0.519941587583127 -0.28523151648064465 0.8051731040637713
0.34404850084554783 -0.5305523052412554 -0.2722047201110374 0.8027570253522928
0.3490860520875087 -0.635506014856816 -0.12620541270866548 0.7617114275654819
0.3466666666666667 -0.8164965809277259 0.4082482904638627 0.40824829046386346
0.34353741496598633 -0.7071067811865478 5.057691171696535e-16 0.7071067811865471
0.3366013071895424 -0.4082482904638646 -0.40824829046386163 0.8164965809277263
0.34383839952177875 -0.530552305241258 -0.2722047201110339 0.8027570253522921
0.35191581929110227 -0.6490492204736211 -0.10448743161276068 0.7535366520863824
0.35010327267793095 -0.48569317780270244 -0.3255516894008744 0.8112448672035768
0.3503401360544217 -0.707106781186547 -6.946515858467965e-16 0.707106781186548
0.34013605442176864 -0.8164965809277265 0.4082482904638619 0.4082482904638647
0.34693877551020397 -0.4082482904638642 -0.4082482904638615 0.8164965809277261
0.3442671777335521 -0.5305523052412573 -0.27220472011103497 0.8027570253522923
0.36989885038200965 -0.5073127168231517 -0.3003972089554562 0.807709925778608
0.35169190182428706 -0.6029881507681345 -0.1752699831657774 0.7782581339339114
0.34707976831403853 -0.45783776439584456 -0.356562489085367 0.8144002534812121
0.36802776665776893 -0.5032586377110577 -0.30519027282287803 0.8084489105339357
0.352864884256941 -0.6246769931189963 -0.14300092705859507 0.7676779201775911
0.35602286428518026 -0.5097823234500921 -0.29745971138313443 0.8072420348332265
0.3656611733092592 -0.7008246740059242 -0.012401089193433964 0.7132257631993579
0.34404850084554783 -0.5305523052412554 -0.2722047201110374 0.8027570253522928
0.34559711318185016 -0.49079863552085085 -0.31970025269433416 0.8104988882151843
0.35645252818916456 -0.555249515638912 -0.24080892312446717 0.7960584387633789
0.3500000000000001 -0.40824829046386363 -0.40824829046386263 0.816496580927726
0.36320962146610836 -0.561015270069089 -0.23324950609536763 0.7942647761644567
0.34707976831403864 -0.45783776439584456 -0.35656248908536736 0.8144002534812121
0.3627899797205592 -0.5773502691896256 -0.21132486540518725 0.7886751345948133
0.3837758198347385 -0.7587051382675175 0.11805793682216559 0.6406472014453516
0.3421525043702154 -0.6295454011969297 -0.13550992273253534 0.7650553239294651
0.34621067652108906 -0.5378761827940074 -0.2630552440755475 0.8009314268695551
0.3478629964784689 -0.5432286605916875 -0.256284302714151 0.7995129633058384
0.35666666666666663 -0.7715167498104596 0.15430334996209166 0.6172133998483675
0.35 -0.4082482904638636 -0.408248290463862 0.816496580927726
0.3404138299301568 -0.6429598822911718 -0.11435482378613865 0.7573147060773106
0.36108887999288175 -0.5032586377110573 -0.30519027282287853 0.8084489105339359
0.33718233512793094 -0.5773502691896292 -0.2113248654051825 0.788675134594812
0.3737478521766071 -0.7345269620945948 0.058471307462757624 0.6760556546318371
0.3550925755505864 -0.482916243741067 -0.3287119634095201 0.811628207150587
0.3410313369225283 -0.7886751345948122 0.21132486540518497 0.5773502691896273
0.3469389934605629 -0.5032586377110578 -0.30519027282287775 0.8084489105339355
0.35411598954628504 -0.7426649470449814 0.07750159985022625 0.6651633471947554
0.360481759384157 -0.6117684274190981 -0.16241541623891964 0.7741838436580177
0.34295583781982714 -0.788675134594813 0.21132486540518708 0.5773502691896257
0.34118843903659346 -0.5773502691896241 -0.21132486540518955 0.7886751345948133
0.3391068360252296 -0.5773502691896234 -0.2113248654051898 0.7886751345948136
0.34351683487767976 -0.47352337663027283 -0.3392866680218106 0.8128100446520837
0.348920325493047 -0.7426649470449813 0.07750159985022571 0.6651633471947554
0.35286488425694096 -0.6246769931189964 -0.1430009270585944 0.7676779201775908
0.3612883236120204 -0.7946266865027062 0.23475159552668895 0.5598750909760175
0.35674589722856165 -0.8158055110421286 0.3788162274544664 0.4369892835876618
0.35228746901025765 -0.6490492204736218 -0.10448743161275978 0.7535366520863818
0.3483090708985485 -0.4735233766302731 -0.3392866680218102 0.8128100446520837
0.3532634873370146 -0.5257806775971102 -0.27809580640217246 0.8038764839992826
0.3547628709944509 -0.7325740648176624 0.05403484319729789 0.6785392216203648
0.34836416584274305 -0.8160777568730151 0.3853933258304952 0.43068443104251936
0.3452785189941639 -0.8158055110421278 0.37881622745446564 0.43698928358766265
0.35414999332799457 -0.5032586377110588 -0.30519027282287653 0.8084489105339354
0.35011074318949054 -0.8151480985683488 0.36695160412999506 0.4481964944383538
0.34786299647846897 -0.7995129633058387 0.2562843027141524 0.5432286605916863
0.3404138299301568 -0.6429598822911717 -0.11435482378613943 0.7573147060773108
0.34978177436878144 -0.7293923408516784 0.04690675928981338 0.6824855815618645
0.3400000000000001 -0.8164965809277261 0.40824829046386296 0.408248290463863
0.34295583781982714 -0.788675134594813 0.21132486540518708 0.5773502691896257
0.3501107431894907 -0.7293923408516795 0.046906759289815976 0.6824855815618636
0.35744726046023406 -0.5570408866987477 -0.23846997040063433 0.795510857099382
0.35206656648736767 -0.8162159495508368 0.3895703704501821 0.426645579100655
0.3852108100208743 -0.5199415875831271 -0.2852315164806447 0.8051731040637713
0.33910683602522956 -0.5773502691896264 -0.21132486540518636 0.7886751345948126
0.35414999332799457 -0.5032586377110588 -0.30519027282287653 0.8084489105339354
0.36165531972062775 -0.7573147060773107 0.11435482378613925 0.6429598822911722
0.3404138299301568 -0.7573147060773108 0.1143548237861394 0.6429598822911717
0.35790371598610665 -0.5152678804140746 -0.2908861219239572 0.8061540023380318
0.34924505449637455 -0.6651633471947546 -0.0775015998502273 0.7426649470449822
0.3372608861849633 -0.5773502691896254 -0.21132486540518783 0.7886751345948129
0.3513316415718679 -0.8051731040637715 0.2852315164806435 0.5199415875831276
0.34372466143980906 -0.6651633471947538 -0.07750159985022846 0.7426649470449826
0.34404850084554783 -0.8027570253522927 0.27220472011103614 0.5305523052412563
0.34595312965733405 -0.5378761827940057 -0.2630552440755501 0.8009314268695558
0.34027221999822044 -0.5032586377110585 -0.3051902728228775 0.8084489105339355
0.3435374149659863 -0.4082482904638635 -0.4082482904638623 0.8164965809277259
0.3584994481175693 -0.44819649443835335 -0.3669516041299954 0.8151480985683485
0.3483641658427429 -0.43068443104251936 -0.38539332583049546 0.8160777568730146
0.34680483961442454 -0.5773502691896257 -0.21132486540518694 0.7886751345948129
0.33673469387755106 -0.8164965809277263 0.4082482904638594 0.40824829046386707
0.3755887645205992 -0.7927688822303279 0.2271564158786289 0.5656124663516989
0.3468048396144245 -0.6760556546318377 -0.058471307462756 0.7345269620945939
0.3507877599981187 -0.6563297979694189 -0.09245773143722368 0.748787529406643
0.36061784257290797 -0.48117092912645065 -0.33069021557963757 0.8118611447060884
0.34155755385105746 -0.6824855815618656 -0.04690675928981206 0.7293923408516776
0.367763574355728 -0.7233014119188717 0.033586229618083885 0.6897151823007873
0.351691901824287 -0.5505197150873821 -0.24694319920251415 0.7974629142898965
0.33852899738657116 -0.4735233766302723 -0.33928666802181146 0.8128100446520838
0.36616285933932036 -0.7551472959172781 0.10866023977374306 0.6464870561435353
0.3384250841055065 -0.6651633471947521 -0.07750159985023113 0.7426649470449835
0.34836416584274305 -0.8160777568730151 0.3853933258304952 0.43068443104251936
0.35457482312380406 -0.642959882291171 -0.11435482378614048 0.7573147060773112
0.3677635743557279 -0.8158055110421283 0.3788162274544661 0.43698928358766254
0.35342571257780564 -0.7258676019747683 0.03914811831665597 0.6867194836581123
0.3600693542567022 -0.8159669033132941 0.38251760152386777 0.43344930178942626
0.345953129657334 -0.614292990884327 -0.158667942948051 0.7729609338323783
0.3541499933279947 -0.6429598822911714 -0.11435482378613954 0.7573147060773111
0.3500000000000001 -0.7071067811865476 3.551399608927591e-16 0.7071067811865475
0.35043867146482294 -0.4856931778027034 -0.3255516894008732 0.8112448672035766
0.39081118736167797 -0.4662044963095857 -0.34740617186643635 0.8136106681760222
0.34585260859536104 -0.4907986355208496 -0.3197002526943353 0.810498888215184
0.35342571257780564 -0.7258676019747683 0.0391481183166551 0.6867194836581124
0.3404138299301569 -0.642959882291172 -0.11435482378613916 0.7573147060773108
0.35169190182428706 -0.7782581339339119 0.17526998316577894 0.6029881507681327
0.34872934051172333 -0.5773502691896253 -0.21132486540518755 0.7886751345948129
0.3668732120225286 -0.4856931778027034 -0.32555168940087315 0.8112448672035767
0.34013616339694813 -0.5032586377110624 -0.30519027282287253 0.8084489105339349
0.3681343550297017 -0.6043681627733527 -0.17326764368062333 0.7776358064539767
0.3497817743687816 -0.8151480985683488 0.3669516041299964 0.4481964944383526
0.3555277603949312 -0.5552495156389101 -0.24080892312446925 0.7960584387633795
0.3352578342306321 -0.5773502691896372 -0.2113248654051707 0.7886751345948082
0.34707976831403864 -0.4578377643958456 -0.3565624890853663 0.8144002534812121
0.36601307189542487 -0.7071067811865477 1.2417251595221124e-16 0.7071067811865472
0.35857292598133456 -0.6142929908843294 -0.15866794294804787 0.7729609338323773
0.3386372403876803 -0.6651633471947548 -0.07750159985022666 0.7426649470449812
0.3638193416320833 -0.5932356474588942 -0.1892356520613718 0.7824712995202661
0.34786299647846897 -0.6095648357463094 -0.16566740226304313 0.7752322380093527
0.3534257125778057 -0.7258676019747682 0.03914811831665559 0.6867194836581126
0.3472111066631075 -0.8084489105339362 0.3051902728228795 0.5032586377110566
0.34118843903659346 -0.5773502691896257 -0.21132486540518727 0.7886751345948129
0.35509257555058615 -0.5552495156389122 -0.24080892312446622 0.7960584387633788
0.3574472604602342 -0.5969691090940449 -0.18392700428070355 0.7808961133747488
0.3622008467928146 -0.7886751345948129 0.21132486540518708 0.5773502691896261
0.3616830018270513 -0.766869231926774 0.14067200384399542 0.6261972280827781
0.36861001748086125 -0.5199415875831266 -0.2852315164806453 0.8051731040637717
0.3585729259813345 -0.5378761827940063 -0.26305524407554914 0.8009314268695555
0.34904354473985355 -0.5773502691896258 -0.21132486540518725 0.7886751345948129
0.3453518375848801 -0.4907986355208505 -0.3197002526943342 0.8104988882151845
0.3551914617476734 -0.8147066357820528 0.36055777099265884 0.4541488647893937
0.348364165842743 -0.43068443104251947 -0.3853933258304951 0.8160777568730144
0.346938993460563 -0.5032586377110558 -0.30519027282287975 0.8084489105339364
0.3522874690102577 -0.6490492204736219 -0.10448743161275989 0.7535366520863817
0.3718233512793083 -0.5773502691896257 -0.2113248654051872 0.7886751345948129
0.3657802449461546 -0.815653234098458 0.37569639329425925 0.43995684080419895
0.3392246626107785 -0.5773502691896267 -0.21132486540518608 0.788675134594813
0.34595312965733394 -0.8009314268695552 0.2630552440755486 0.5378761827940066
0.36239265962360473 -0.7995129633058384 0.2562843027141502 0.5432286605916877
0.35267428810570517 -0.49538043569488227 -0.314402895389202 0.8097833310840841
0.3566666666666667 -0.5345224838248482 -0.26726124191242523 0.8017837257372732
0.3725597367165674 -0.5109541752508965 -0.2960611006219813 0.8070152758728779
0.3675729452846745 -0.4481964944383536 -0.36695160412999517 0.8151480985683484
0.35414999332799457 -0.5032586377110588 -0.30519027282287653 0.8084489105339354
0.34527851899416395 -0.8158055110421281 0.37881622745446664 0.43698928358766176
0.35228746901025776 -0.49538043569488044 -0.3144028953892036 0.8097833310840844
0.3571428571428571 -0.5345224838248491 -0.2672612419124241 0.8017837257372729
0.33910683602522956 -0.5773502691896264 -0.21132486540518636 0.7886751345948126
0.34749432652698037 -0.75731470607731 0.11435482378613766 0.6429598822911727
0.3629606480577186 -0.7596725469134523 0.12065831123863717 0.6390142356748152
0.3547636683577621 -0.6206294531118017 -0.14915704781942413 0.7697865009312255
0.35169190182428706 -0.7974629142898964 0.2469431992025134 0.5505197150873828
0.34503961528094745 -0.7233014119188705 0.03358622961808183 0.6897151823007883
0.3542628950463253 -0.8155575341439324 0.3738755020993848 0.44168203204454776
0.3673474836514074 -0.6429598822911715 -0.11435482378613936 0.7573147060773109
0.35011184647046345 -0.6059044497718338 -0.17103073716020825 0.7769351869320421
0.36501461650974054 -0.7132257631993583 0.012401089193434113 0.7008246740059242
0.3440485008455477 -0.6206294531118023 -0.14915704781942332 0.7697865009312255
0.35189254787610014 -0.4621649762968658 -0.3518434514128358 0.8140084277097019
0.34749432652698037 -0.75731470607731 0.11435482378613766 0.6429598822911727
0.3677414759761758 -0.5629012108490798 -0.23075703813271856 0.7936582489817984
0.3550213569954924 -0.8162955476170368 0.39245751551070723 0.4238380321063291
0.3401361633969482 -0.5032586377110632 -0.3051902728228721 0.8084489105339346
0.33660130718954245 -0.7071067811865474 0.0 0.7071067811865476
0.3550213569954923 -0.7159914560843791 0.018117549703791345 0.6978739063805875
0.3421525043702153 -0.5199415875831256 -0.2852315164806467 0.8051731040637721
0.3442671777335521 -0.5305523052412573 -0.27220472011103497 0.8027570253522923
0.3478629964784689 -0.6095648357463097 -0.16566740226304286 0.7752322380093527
0.3666666666666666 -0.7071067811865477 1.8683307262119742e-16 0.7071067811865474
0.3526742881057052 -0.6490492204736215 -0.10448743161275983 0.7535366520863821
0.3537414965986396 -0.4082482904638642 -0.408248290463862 0.8164965809277263
0.35228746901025776 -0.4953804356948819 -0.31440289538920213 0.8097833310840844
0.360481759384157 -0.6117684274190981 -0.16241541623891964 0.7741838436580177
0.3556565989837799 -0.8027570253522927 0.27220472011103686 0.5305523052412559
0.3352200989189203 -0.5773502691896165 -0.21132486540519982 0.7886751345948163
0.3497762762077209 -0.6059044497718326 -0.1710307371602103 0.7769351869320424
0.3489203254930471 -0.4735233766302757 -0.33928666802180774 0.8128100446520833
0.36513130671389826 -0.782863945049955 0.19057622165979524 0.5922877233901591
0.35189254787610014 -0.46216497629686626 -0.3518434514128356 0.8140084277097022
0.3513319298930918 -0.8162159495508371 0.38957037045018456 0.4266455791006519
0.35602286428518026 -0.5097823234500921 -0.29745971138313443 0.8072420348332265
0.3452785189941641 -0.7233014119188714 0.03358622961808384 0.6897151823007873
0.34233248745260064 -0.5199415875831281 -0.285231516480644 0.8051731040637713
0.3540230018037354 -0.5531125582698095 -0.2435878099530802 0.7967003682228898
0.3372608861849634 -0.5773502691896264 -0.21132486540518622 0.7886751345948126
0.34559711318185027 -0.8104988882151847 0.31970025269433444 0.4907986355208503
0.36168300182705126 -0.6261972280827784 -0.14067200384399525 0.7668692319267736
0.34977627620772084 -0.7983828364970676 0.25107445503981646 0.5473083814572515
0.3555277603949313 -0.5986356504998845 -0.18154236073236069 0.7801780112322454
0.34404850084554783 -0.5305523052412554 -0.2722047201110374 0.8027570253522928
0.34331715837681004 -0.6651633471947554 -0.07750159985022581 0.7426649470449813
0.35999999999999993 -0.7071067811865471 -6.374234883122383e-16 0.7071067811865479
0.34511599188822356 -0.5773502691896254 -0.2113248654051874 0.7886751345948133
0.3643052441439252 -0.6504001335717149 -0.10227478591008941 0.7526749194818045
0.34383839952177875 -0.6206294531118024 -0.14915704781942296 0.7697865009312252
0.35598070788598435 -0.5986356504998867 -0.18154236073235813 0.7801780112322444
0.3486709175266085 -0.7198184848084792 0.026148831786056113 0.6936696530224234
0.3435168348776798 -0.4735233766302743 -0.33928666802180907 0.8128100446520837
0.3597480515315514 -0.5773502691896257 -0.21132486540518708 0.7886751345948129
0.348364165842743 -0.7198184848084795 0.026148831786056464 0.6936696530224234
0.34836416584274293 -0.6936696530224229 -0.026148831786057345 0.7198184848084802
0.34426717773355214 -0.7697865009312254 0.14915704781942296 0.6206294531118022
0.3584051523667755 -0.6333764110544804 -0.1295468686655101 0.7629232797199904
0.35206656648736767 -0.4266455791006549 -0.38957037045018206 0.8162159495508373
0.35169190182428695 -0.8162159495508372 0.38957037045018317 0.4266455791006541
0.35 -0.4082482904638636 -0.408248290463862 0.816496580927726
0.3501107431894907 -0.6824855815618652 -0.04690675928981271 0.7293923408516779
0.3384250841055066 -0.4735233766302717 -0.339286668021812 0.8128100446520838
0.3568986504431139 -0.7886751345948125 0.21132486540518686 0.5773502691896261
0.3497762762077208 -0.6059044497718331 -0.1710307371602098 0.7769351869320423
0.35 -0.4082482904638636 -0.408248290463862 0.816496580927726
0.3504531393090039 -0.6824855815618667 -0.04690675928980969 0.7293923408516763
0.3392246626107785 -0.5773502691896267 -0.21132486540518608 0.788675134594813
0.36168300182705115 -0.5239691767729389 -0.2803181189126152 0.8042872956855537
0.36439341487883065 -0.7008246740059239 -0.01240108919343403 0.7132257631993583
0.3666666666666666 -0.7071067811865474 -1.6057763781993207e-16 0.7071067811865477
0.3404138299301569 -0.5032586377110564 -0.3051902728228797 0.8084489105339362
0.35674589722856176 -0.7233014119188713 0.033586229618083545 0.6897151823007877
0.34680483961442465 -0.5773502691896265 -0.21132486540518683 0.7886751345948125
0.3559807078859842 -0.7474055872002333 0.08902988275961139 0.6583757044406219
0.3574646220564544 -0.7380797903438738 0.06666815820821614 0.6714116321356574
0.3622008467928146 -0.5773502691896257 -0.21132486540518675 0.7886751345948128
0.34372466143980923 -0.6651633471947557 -0.07750159985022617 0.7426649470449813
0.3384250841055065 -0.6651633471947521 -0.07750159985023113 0.7426649470449835
0.34313725490196073 -0.7071067811865482 1.7008814774057225e-15 0.7071067811865465
0.3541499933279946 -0.6429598822911716 -0.11435482378613945 0.757314706077311
0.34197957944792345 -0.7650553239294631 0.1355099227325298 0.6295454011969336
0.3540230018037354 -0.6006106597046821 -0.17870419676151442 0.7793148564661967
0.33529710975914834 -0.5773502691896202 -0.21132486540519485 0.7886751345948151
0.34680483961442454 -0.8144002534812121 0.3565624890853677 0.4578377643958441
0.35414999332799457 -0.757314706077311 0.11435482378614008 0.6429598822911711
0.3431522154624086 -0.5773502691896267 -0.21132486540518555 0.7886751345948123
0.34172203826141195 -0.7293923408516788 0.04690675928981415 0.6824855815618643
0.35975324307875517 -0.49749886256026615 -0.31193868283807347 0.8094375453983396
0.3474943265269804 -0.6429598822911721 -0.11435482378613848 0.757314706077311
0.3478629964784689 -0.6095648357463092 -0.16566740226304344 0.7752322380093529
0.34172203826141195 -0.6824855815618641 -0.04690675928981477 0.7293923408516788
0.3622615664901884 -0.6261972280827783 -0.14067200384399553 0.7668692319267737
0.3457056826705887 -0.5378761827940078 -0.2630552440755473 0.8009314268695549
0.3504531393090038 -0.4481964944383542 -0.3669516041299945 0.8151480985683485
0.34680483961442454 -0.7345269620945944 0.05847130746275705 0.6760556546318371
0.3686100174808612 -0.5199415875831261 -0.28523151648064593 0.8051731040637718
0.3545961016295676 -0.42383803210632853 -0.3924575155107081 0.8162955476170365
0.34027221999822044 -0.6429598822911695 -0.1143548237861424 0.7573147060773121
0.35360920843432747 -0.5531125582698093 -0.24358780995308085 0.7967003682228901
0.3478629964784689 -0.5432286605916875 -0.256284302714151 0.7995129633058384
0.34215250437021527 -0.629545401196931 -0.13550992273253357 0.7650553239294641
0.35227130735656464 -0.7367990583358327 0.06369416208920499 0.6731048962466282
0.3723964351805488 -0.7676779201775911 0.1430009270585942 0.6246769931189964
0.3675440095963125 -0.6563297979694191 -0.09245773143722341 0.7487875294066427
0.3651313067138982 -0.5620159422898678 -0.23192824366059564 0.7939441859504632
0.3504386714648229 -0.8112448672035765 0.3255516894008718 0.4856931778027044
0.3541499933279947 -0.6429598822911715 -0.11435482378613951 0.7573147060773109
0.33910683602522956 -0.7886751345948122 0.21132486540518394 0.5773502691896278
0.36181334581772506 -0.7269125889634531 0.04143367725610837 0.6854789117073451
0.3620722603475057 -0.6703133851322026 -0.06858824459652832 0.7389016297287306
0.34353741496598633 -0.7071067811865478 5.057691171696535e-16 0.7071067811865471
0.34118843903659346 -0.5773502691896262 -0.21132486540518683 0.7886751345948123
0.3448100803407982 -0.43698928358766226 -0.37881622745446564 0.815805511042128
0.34940753614371634 -0.6355060148568188 -0.12620541270866142 0.7617114275654805
0.3606149873367709 -0.4334493017894262 -0.3825176015238679 0.8159669033132942
0.3384250841055065 -0.6651633471947521 -0.07750159985023113 0.7426649470449835
0.3532634873370146 -0.525780677597111 -0.2780958064021711 0.8038764839992824
0.34535183758488003 -0.49079863552084885 -0.319700252694336 0.8104988882151852
0.35879208719419914 -0.4735233766302754 -0.33928666802180857 0.8128100446520835
0.3421525043702153 -0.8051731040637718 0.28523151648064493 0.5199415875831269
0.36897558873854547 -0.5636899335393698 -0.22971172033330436 0.7934016538726741
0.3423324874526006 -0.8051731040637714 0.2852315164806425 0.5199415875831287
0.35697443835970655 -0.5969691090940454 -0.18392700428070316 0.7808961133747485
0.3448100803407981 -0.723301411918871 0.033586229618082906 0.6897151823007882
0.35786128594596445 -0.4217734892614977 -0.3945720424201422 0.8163455316816397
0.3574646220564543 -0.46462144472634864 -0.34914880746267707 0.813770252189026
0.3450396152809475 -0.4369892835876608 -0.37881622745446747 0.8158055110421283
0.3468048396144246 -0.5773502691896264 -0.2113248654051861 0.7886751345948126
0.3630506630886194 -0.4878036327445395 -0.32313937429285555 0.8109430070373949
0.34680483961442454 -0.45783776439584467 -0.35656248908536714 0.814400253481212
0.3384250841055065 -0.6651633471947521 -0.07750159985023113 0.7426649470449835
0.347578101122682 -0.6095648357463127 -0.1656674022630387 0.7752322380093516
0.35552776039493134 -0.48291624374106734 -0.3287119634095202 0.8116282071505874
0.3630506630886194 -0.4878036327445395 -0.32313937429285555 0.8109430070373949
0.3453518375848801 -0.4907986355208505 -0.3197002526943342 0.8104988882151845
0.3384250841055065 -0.665163347194752 -0.07750159985023132 0.7426649470449835
0.35133192989309175 -0.6029881507681338 -0.17526998316577777 0.7782581339339114
0.34595312965733394 -0.5378761827940052 -0.26305524407555064 0.8009314268695555
0.3537003364220259 -0.7426649470449819 0.07750159985022718 0.6651633471947545
0.33726088618496336 -0.788675134594814 0.21132486540519163 0.5773502691896225
0.35011074318949054 -0.4481964944383524 -0.3669516041299965 0.8151480985683489
0.36103580889539827 -0.540745834824302 -0.25943408196604445 0.800179916790346
0.3483090708985485 -0.4735233766302731 -0.3392866680218102 0.8128100446520837
0.3551914617476733 -0.6785392216203647 -0.05403484319729792 0.7325740648176626
0.35360920843432747 -0.79670036822289 0.24358780995308196 0.5531125582698082
0.357447260460234 -0.7808961133747485 0.18392700428070408 0.5969691090940445
0.35011074318949054 -0.4481964944383524 -0.3669516041299965 0.8151480985683489
0.3466666666666667 -0.40824829046386385 -0.40824829046386224 0.8164965809277259
0.3401361633969481 -0.5032586377110614 -0.3051902728228739 0.8084489105339351
0.35286488425694096 -0.5257806775971084 -0.27809580640217435 0.803876483999283
0.34680483961442454 -0.4578377643958445 -0.3565624890853668 0.8144002534812118
0.341722038261412 -0.8151480985683487 0.36695160412999783 0.4481964944383511
0.3490435447398537 -0.5773502691896265 -0.21132486540518655 0.7886751345948125
0.3371823351279309 -0.57735026918963 -0.21132486540518175 0.7886751345948114
0.34215250437021527 -0.6295454011969306 -0.13550992273253412 0.7650553239294646
0.3525783423063208 -0.7886751345948118 0.2113248654051846 0.5773502691896277
0.3478629964784689 -0.6095648357463095 -0.1656674022630432 0.7752322380093528
0.35502135699549225 -0.6978739063805875 -0.018117549703791647 0.7159914560843792
0.34404850084554767 -0.7697865009312254 0.14915704781942402 0.6206294531118021
0.3541499933279946 -0.5032586377110582 -0.30519027282287736 0.8084489105339357
0.35666666666666685 -0.7071067811865477 1.4599610049614117e-16 0.7071067811865474
0.3435168348776796 -0.665163347194753 -0.07750159985023017 0.7426649470449829
0.33842508410550654 -0.4735233766302733 -0.33928666802181057 0.8128100446520833
0.3472111066631076 -0.5032586377110567 -0.3051902728228792 0.8084489105339363
0.34372466143980895 -0.473523376630276 -0.3392866680218076 0.8128100446520835
0.3435374149659864 -0.7071067811865486 1.6977836885179464e-15 0.7071067811865468
0.35402300180373536 -0.6006106597046817 -0.17870419676151478 0.7793148564661968
0.3384250841055066 -0.812810044652084 0.33928666802181273 0.4735233766302714
0.34215250437021527 -0.5199415875831245 -0.28523151648064776 0.8051731040637722
0.3503401360544217 -0.40824829046386324 -0.40824829046386285 0.8164965809277257
0.35598070788598424 -0.4829162437410668 -0.3287119634095203 0.8116282071505873
0.35402300180373547 -0.6006106597046817 -0.1787041967615147 0.7793148564661965
0.34559711318185027 -0.49079863552085073 -0.31970025269433394 0.8104988882151847
0.35227130735656464 -0.7367990583358333 0.0636941620892054 0.6731048962466277
0.3418932363211686 -0.6824855815618661 -0.04690675928981086 0.729392340851677
0.3352578342306321 -0.7886751345948096 0.21132486540517514 0.5773502691896342
0.34904354473985366 -0.5773502691896263 -0.2113248654051868 0.7886751345948125
0.3435374149659864 -0.7071067811865486 1.6977836885179464e-15 0.7071067811865468
0.36320962146610836 -0.5932356474588938 -0.18923565206137266 0.7824712995202664
0.34595312965733394 -0.8009314268695552 0.2630552440755486 0.5378761827940066
0.3470797683140387 -0.5773502691896266 -0.21132486540518605 0.7886751345948126
0.35746462205645435 -0.4646214447263478 -0.3491488074626781 0.8137702521890263
0.3423324874526006 -0.6295454011969297 -0.13550992273253548 0.7650553239294654
0.3486709175266085 -0.7198184848084795 0.026148831786056502 0.6936696530224233
0.34333333333333327 -0.4082482904638635 -0.40824829046386285 0.8164965809277264
0.35227130735656464 -0.4621649762968676 -0.3518434514128345 0.8140084277097018
0.34511599188822356 -0.5773502691896261 -0.2113248654051867 0.7886751345948129
0.3569819962819921 -0.8137702521890264 0.34914880746267846 0.4646214447263475
0.3431522154624085 -0.5773502691896263 -0.21132486540518627 0.7886751345948128
0.36566117330925907 -0.7132257631993579 0.012401089193433855 0.7008246740059239
0.35342571257780564 -0.6867194836581131 -0.039148118316654316 0.7258676019747674
0.34872934051172333 -0.5773502691896253 -0.21132486540518755 0.7886751345948129
0.34426717773355203 -0.5305523052412576 -0.2722047201110342 0.802757025352292
0.34353741496598633 -0.8164965809277263 0.4082482904638618 0.4082482904638646
0.3635792390862581 -0.8148353174722629 0.3623338029792509 0.4525015144930124
0.3442671777335521 -0.6206294531118018 -0.14915704781942368 0.7697865009312255
0.3474943265269804 -0.8084489105339356 0.30519027282287553 0.5032586377110597
0.34786299647846886 -0.5432286605916865 -0.25628430271415226 0.7995129633058384
0.36616285933932047 -0.49871951325923825 -0.310514457208499 0.809233970467738
0.3384250841055066 -0.4735233766302717 -0.339286668021812 0.8128100446520838
0.3507877599981186 -0.8112448672035768 0.3255516894008715 0.4856931778027052
0.34013605442176864 -0.7071067811865482 1.3320312672695306e-15 0.7071067811865468
0.3435168348776796 -0.6651633471947542 -0.07750159985022778 0.7426649470449821
0.37167874205941637 -0.7121738619699938 0.01024550381777973 0.7019283581522145
0.3650146165097406 -0.4189408585601998 -0.397461542007978 0.8164024005681776
0.3684521791761758 -0.7233014119188719 0.03358622961808473 0.6897151823007871
0.33934739863739194 -0.5773502691896265 -0.21132486540518602 0.7886751345948128
0.34640522875816987 -0.7071067811865477 5.08024472659247e-16 0.7071067811865474
0.3520665664873677 -0.6961610564377573 -0.02140538169461103 0.7175664381323682
0.3707993673335275 -0.4790987516240568 -0.33303100251419604 0.8121297541382533
0.345953129657334 -0.614292990884327 -0.15866794294805123 0.7729609338323783
0.34372466143980906 -0.6651633471947538 -0.07750159985022813 0.7426649470449823
0.34335677550676424 -0.7886751345948131 0.21132486540518758 0.5773502691896261
0.3597908464439792 -0.6295454011969317 -0.1355099227325324 0.7650553239294643
0.3522009891892033 -0.5773502691896254 -0.2113248654051878 0.7886751345948128
0.3584994481175691 -0.44819649443835324 -0.36695160412999533 0.8151480985683486
0.33842508410550654 -0.4735233766302733 -0.33928666802181057 0.8128100446520833
0.3481595202161246 -0.6095648357463105 -0.16566740226304158 0.7752322380093523
0.3452785189941641 -0.7233014119188714 0.03358622961808384 0.6897151823007873
0.3435168348776797 -0.47352337663027316 -0.339286668021811 0.8128100446520835
0.34426717773355214 -0.7697865009312254 0.14915704781942296 0.6206294531118022
0.36547883586997654 -0.5305523052412575 -0.2722047201110346 0.8027570253522922
0.36868130899800433 -0.788675134594813 0.21132486540518727 0.5773502691896256
0.3612883236120203 -0.5943118282276247 -0.18771013761754304 0.7820219658451675
0.3404138299301569 -0.5032586377110564 -0.3051902728228797 0.8084489105339362
0.3472111066631075 -0.6429598822911705 -0.11435482378614133 0.7573147060773117
0.34313725490196073 -0.7071067811865469 -1.1657801970584293e-15 0.7071067811865482
0.3478629964784689 -0.7752322380093529 0.1656674022630433 0.6095648357463093
0.3468048396144246 -0.45783776439584484 -0.356562489085367 0.8144002534812119
0.36578024494615474 -0.7249268147422551 0.03710078666810931 0.6878260280741458
0.36688815304564765 -0.8151480985683487 0.36695160412999545 0.4481964944383534
0.3522874690102577 -0.6490492204736215 -0.1044874316127607 0.7535366520863819
0.35886242686892916 -0.7148283500303164 0.015704762656204185 0.6991235873741121
0.35908801970884485 -0.7729609338323773 0.15866794294804767 0.6142929908843292
0.35286488425694107 -0.6246769931189973 -0.14300092705859355 0.7676779201775907
0.3468048396144245 -0.5773502691896252 -0.21132486540518844 0.7886751345948133
0.34621067652108906 -0.6142929908843296 -0.15866794294804756 0.7729609338323769
0.351691901824287 -0.5505197150873814 -0.24694319920251495 0.7974629142898966
0.34527851899416406 -0.43698928358766415 -0.3788162274544638 0.8158055110421281
0.35620915032679734 -0.7715167498104595 0.1543033499620921 0.6172133998483678
0.3590880197088448 -0.5378761827940071 -0.2630552440755484 0.8009314268695554
0.34680483961442454 -0.8144002534812121 0.3565624890853677 0.4578377643958441
0.3494538655631251 -0.6059044497718344 -0.17103073716020784 0.7769351869320419
0.3472111066631075 -0.64295988229117 -0.11435482378614202 0.7573147060773119
0.3522713073565646 -0.6731048962466285 -0.06369416208920416 0.7367990583358325
0.35598070788598435 -0.4829162437410675 -0.3287119634095199 0.8116282071505871
0.33842508410550654 -0.6651633471947527 -0.07750159985023003 0.742664947044983
0.34680483961442454 -0.8144002534812119 0.35656248908536714 0.45783776439584467
0.3440485008455478 -0.530552305241255 -0.2722047201110384 0.8027570253522932
0.35303174435732587 -0.7258676019747666 0.0391481183166525 0.6867194836581144
0.33842508410550654 -0.4735233766302733 -0.33928666802181057 0.8128100446520833
0.3401360544217686 -0.408248290463864 -0.4082482904638622 0.8164965809277264
0.35790371598610676 -0.6333764110544796 -0.12954686866551146 0.7629232797199909
0.37589048444934575 -0.47843349241903305 -0.33378067524959926 0.8122141676686323
0.3655191431431245 -0.4987195132592388 -0.31051445720849913 0.8092339704677379
0.35598070788598435 -0.747405587200233 0.08902988275961099 0.6583757044406219
0.35227130735656464 -0.8140084277097016 0.3518434514128335 0.4621649762968684
0.3448100803407982 -0.43698928358766226 -0.37881622745446564 0.815805511042128
0.3515286417085949 -0.6731048962466268 -0.06369416208920713 0.7367990583358339
0.35065384140902206 -0.5773502691896258 -0.2113248654051868 0.788675134594813
0.3402722199982204 -0.6429598822911671 -0.11435482378614585 0.7573147060773135
0.35031422360361647 -0.577350269189626 -0.21132486540518688 0.7886751345948129
0.34654069243244234 -0.5773502691896262 -0.21132486540518639 0.7886751345948128
0.3584051523667755 -0.7629232797199907 0.1295468686655104 0.6333764110544802
0.3661628593393204 -0.49871951325923847 -0.31051445720849874 0.8092339704677378
0.34940753614371634 -0.6355060148568177 -0.1262054127086628 0.7617114275654807
0.3565182970084889 -0.8137702521890259 0.34914880746267707 0.464621444726349
0.3533333333333334 -0.8164965809277259 0.40824829046386263 0.40824829046386285
0.3486085856498528 -0.6651633471947539 -0.07750159985022875 0.7426649470449823
0.341722038261412 -0.6824855815618639 -0.04690675928981439 0.7293923408516789
0.3582928959420253 -0.6651633471947543 -0.07750159985022811 0.7426649470449822
0.3651313067138981 -0.43995684080419867 -0.37569639329425963 0.815653234098458
0.36419650246897106 -0.7316972610890797 0.052058352514683826 0.6796389085743958
0.33852899738657116 -0.8128100446520836 0.3392866680218102 0.4735233766302734
0.3486709175266085 -0.7198184848084792 0.026148831786056113 0.6936696530224234
0.3616553197206276 -0.5032586377110582 -0.3051902728228774 0.8084489105339355
0.348364165842743 -0.7198184848084795 0.026148831786056464 0.6936696530224234
0.34027221999822044 -0.6429598822911716 -0.11435482378613915 0.7573147060773109
0.34680483961442454 -0.4578377643958451 -0.3565624890853669 0.8144002534812116
0.35648591593725876 -0.5097823234500928 -0.29745971138313354 0.8072420348332268
0.34488033871712587 -0.5773502691896252 -0.21132486540518794 0.7886751345948132
0.33910683602522956 -0.5773502691896276 -0.21132486540518428 0.7886751345948122
0.35557797152141846 -0.6377998505522651 -0.12258451723190311 0.760384367784168
0.35286488425694096 -0.624676993118996 -0.14300092705859532 0.7676779201775913
0.3469389934605629 -0.6429598822911712 -0.1143548237861397 0.7573147060773109
0.3450396152809475 -0.7233014119188709 0.033586229618083246 0.6897151823007878
0.3540230018037354 -0.6006106597046817 -0.17870419676151475 0.7793148564661967
0.34535183758488 -0.652520778241995 -0.0987836973827982 0.751304475624793
0.3421525043702153 -0.5199415875831254 -0.28523151648064643 0.805173104063772
0.3559807078859843 -0.5552495156389113 -0.24080892312446767 0.796058438763379
0.3352578342306321 -0.5773502691896324 -0.2113248654051778 0.7886751345948105
0.3629857070989161 -0.5432286605916886 -0.2562843027141499 0.7995129633058379
0.34892032549304713 -0.473523376630276 -0.3392866680218074 0.8128100446520832
0.3726327537418386 -0.484125973486244 -0.32733716371962335 0.8114631372058676
0.34786299647846897 -0.5432286605916885 -0.25628430271414965 0.7995129633058378
0.35097167540709723 -0.5199415875831257 -0.2852315164806463 0.805173104063772
0.3656611733092592 -0.4189408585601991 -0.39746154200797834 0.8164024005681777
0.34353741496598633 -0.8164965809277263 0.4082482904638618 0.4082482904638646
0.351331641571868 -0.6295454011969313 -0.13550992273253368 0.7650553239294647
0.36181334581772506 -0.44360492363270854 -0.3718396894807162 0.8154446131134249
0.35674589722856176 -0.7233014119188704 0.03358622961808273 0.6897151823007882
0.3532634873370147 -0.6246769931189962 -0.14300092705859552 0.7676779201775914
0.33852899738657116 -0.4735233766302761 -0.3392866680218074 0.8128100446520832
0.35598070788598435 -0.4829162437410675 -0.3287119634095199 0.8116282071505871
0.35065384140902206 -0.7886751345948124 0.2113248654051864 0.5773502691896263
0.35169190182428695 -0.71756643813237 0.021405381694614336 0.6961610564377552
0.3433333333333333 -0.7071067811865474 0.0 0.7071067811865477
0.3578612859459645 -0.5773502691896267 -0.2113248654051863 0.7886751345948128
0.33718233512793094 -0.788675134594811 0.21132486540517975 0.577350269189631
0.34621067652108906 -0.6142929908843304 -0.15866794294804631 0.7729609338323766
0.3520665664873677 -0.5505197150873835 -0.2469431992025131 0.7974629142898961
0.3532634873370147 -0.5257806775971111 -0.2780958064021716 0.8038764839992825
0.3507877599981187 -0.48569317780270543 -0.3255516894008709 0.8112448672035762
0.37558876452059914 -0.5656124663516992 -0.22715641587862848 0.7927688822303279
0.3419795794479235 -0.6295454011969333 -0.1355099227325301 0.7650553239294633
0.3490435447398537 -0.7886751345948131 0.21132486540518874 0.577350269189625
0.35414999332799457 -0.6429598822911718 -0.11435482378613913 0.7573147060773108
0.3532634873370147 -0.6246769931189958 -0.1430009270585958 0.7676779201775913
0.3483641658427429 -0.8160777568730148 0.38539332583049535 0.4306844310425194
0.35169190182428695 -0.8162159495508372 0.38957037045018317 0.4266455791006541
0.3366013071895424 -0.40824829046386657 -0.4082482904638596 0.8164965809277261
0.34383839952177886 -0.5305523052412586 -0.2722047201110334 0.802757025352292
0.3522874690102577 -0.6490492204736215 -0.1044874316127607 0.7535366520863819
0.3466666666666667 -0.7071067811865475 -8.164572059255843e-16 0.7071067811865478
0.33718233512793094 -0.5773502691896311 -0.21132486540517956 0.7886751345948109
0.3503142236036166 -0.5773502691896264 -0.2113248654051863 0.7886751345948124
0.34815952021612473 -0.5432286605916893 -0.25628430271414826 0.7995129633058378
0.35552776039493134 -0.48291624374106734 -0.3287119634095202 0.8116282071505874
0.35450284320361963 -0.577350269189626 -0.21132486540518713 0.788675134594813
0.37817874682357894 -0.4966041511484085 -0.3129805963448802 0.8095847474932885
0.336734693877551 -0.4082482904638648 -0.40824829046386146 0.816496580927726
0.34118843903659346 -0.5773502691896257 -0.21132486540518727 0.7886751345948129
0.3490860520875087 -0.635506014856816 -0.12620541270866548 0.7617114275654819
0.3386372403876803 -0.4735233766302742 -0.3392866680218096 0.8128100446520841
0.34680483961442465 -0.5773502691896244 -0.21132486540518908 0.7886751345948139
0.3431522154624086 -0.5773502691896267 -0.21132486540518572 0.7886751345948123
0.3384250841055066 -0.812810044652084 0.33928666802181273 0.4735233766302714
0.34621067652108906 -0.6142929908843309 -0.1586679429480452 0.7729609338323759
0.3649373239563863 -0.5453975918232731 -0.25351988498541306 0.798917476808686
0.3584994481175691 -0.44819649443835324 -0.36695160412999533 0.8151480985683486
0.35043867146482294 -0.6563297979694187 -0.09245773143722458 0.748787529406643
0.3606178425729082 -0.481170929126451 -0.3306902155796373 0.8118611447060888
0.3532116422558764 -0.79670036822289 0.24358780995308021 0.5531125582698099
0.3593674989196888 -0.79503839729711 0.23647429771272396 0.5585640995843866
0.3725597367165673 -0.8159200256873088 0.38139153976341417 0.4345284859238952
0.35450284320361963 -0.577350269189626 -0.21132486540518713 0.788675134594813
0.3423324874526006 -0.5199415875831275 -0.2852315164806441 0.8051731040637716
0.342955837819827 -0.5773502691896268 -0.21132486540518525 0.7886751345948125
0.34680483961442465 -0.5773502691896265 -0.21132486540518683 0.7886751345948125
0.3584051523667755 -0.5152678804140751 -0.29088612192395674 0.806154002338032
0.3497424153689327 -0.5126390267502782 -0.2940448397486761 0.8066838664989545
0.3385289973865712 -0.6651633471947562 -0.07750159985022453 0.7426649470449805
0.3385289973865712 -0.47352337663027044 -0.3392866680218138 0.8128100446520838
0.34707976831403875 -0.577350269189626 -0.21132486540518694 0.7886751345948129
0.3453518375848801 -0.4907986355208505 -0.3197002526943342 0.8104988882151845
0.3448803387171258 -0.7886751345948132 0.2113248654051889 0.5773502691896244
0.35786089303036717 -0.7513044756247933 0.09878369738279863 0.6525207782419946
0.3417220382614119 -0.8151480985683494 0.36695160412999844 0.44819649443835075
0.3391068360252296 -0.5773502691896265 -0.21132486540518625 0.7886751345948126
0.36785337267038165 -0.46730958783319637 -0.3461868325982426 0.813496420431439
0.34251996983008537 -0.8051731040637724 0.285231516480648 0.5199415875831244
0.3520665664873677 -0.6029881507681338 -0.1752699831657779 0.7782581339339115
0.34 -0.7071067811865475 0.0 0.7071067811865476
0.3550213569954924 -0.6978739063805881 -0.01811754970379058 0.7159914560843786
0.35922484488384676 -0.49749886256026565 -0.3119386828380741 0.8094375453983397
0.3516919018242871 -0.8162159495508374 0.3895703704501832 0.4266455791006537
0.35043867146482294 -0.4856931778027034 -0.3255516894008732 0.8112448672035766
0.34426717773355203 -0.5305523052412576 -0.2722047201110342 0.802757025352292
0.35502135699549237 -0.423838032106329 -0.3924575155107077 0.8162955476170363
0.3435374149659864 -0.7071067811865475 0.0 0.7071067811865476
0.3688445799622808 -0.5490043629085553 -0.24889600074597426 0.7979003636545299
0.34786299647846897 -0.5432286605916885 -0.25628430271414965 0.7995129633058378
0.34 -0.7071067811865475 7.96584301322776e-16 0.7071067811865472
0.3419795794479235 -0.5199415875831289 -0.2852315164806424 0.8051731040637712
0.35374182352417777 -0.5032586377110578 -0.30519027282287775 0.8084489105339356
0.34559711318185016 -0.49079863552085073 -0.31970025269433394 0.8104988882151846
0.3450396152809475 -0.43698928358766304 -0.37881622745446536 0.8158055110421283
0.3574472604602342 -0.7955108570993822 0.23846997040063392 0.5570408866987482
0.3501107431894906 -0.4481964944383533 -0.36695160412999567 0.8151480985683487
0.3513316415718679 -0.519941587583127 -0.28523151648064465 0.8051731040637713
0.370019704506493 -0.5357014619096893 -0.26578580994248396 0.801487271852173
0.34 -0.816496580927726 0.4082482904638625 0.4082482904638635
0.34215250437021527 -0.629545401196931 -0.13550992273253357 0.7650553239294641
0.34940753614371645 -0.6355060148568191 -0.12620541270866156 0.76171142756548
0.35454896155072163 -0.742664947044982 0.07750159985022807 0.6651633471947541
0.34621067652108906 -0.6142929908843304 -0.15866794294804631 0.7729609338323766
0.3455273770287646 -0.6897151823007884 -0.03358622961808223 0.7233014119188705
0.3404138299301569 -0.5032586377110564 -0.3051902728228797 0.8084489105339362
0.3429558378198271 -0.5773502691896277 -0.21132486540518441 0.7886751345948123
0.35738959454956776 -0.5773502691896265 -0.21132486540518608 0.7886751345948128
0.3537414965986396 -0.4082482904638642 -0.408248290463862 0.8164965809277263
0.3470797683140387 -0.7345269620945937 0.058471307462755404 0.6760556546318383
0.3508098019334972 -0.8151480985683489 0.3669516041299957 0.44819649443835324
0.3352578342306321 -0.5773502691896372 -0.2113248654051707 0.7886751345948082
0.3569819962819919 -0.46462144472634703 -0.34914880746267896 0.813770252189026
0.3513316415718678 -0.6295454011969313 -0.13550992273253337 0.7650553239294644
0.3700504703152406 -0.6029881507681335 -0.17526998316577808 0.7782581339339116
0.35303174435732587 -0.7258676019747666 0.0391481183166525 0.6867194836581144
0.3541499933279947 -0.6429598822911714 -0.11435482378613954 0.7573147060773111
0.35011074318949054 -0.8151480985683488 0.36695160412999506 0.4481964944383538
0.3522874690102577 -0.4953804356948816 -0.31440289538920263 0.8097833310840842
0.35043867146482294 -0.656329797969418 -0.09245773143722505 0.7487875294066433
