0.24091169328064518 -0.7337661165578565 0.056737181885735434 0.677028934672121
0.26947256864820107 -0.6723851355987631 -0.06496036073208804 0.7373454963308517
0.24460888188905905 -0.8150452406491978 0.3653806961715902 0.44966454447760773
0.23927014660345583 -0.7718099575466055 0.15518427733121332 0.6166256802153925
0.2301121123638309 -0.5786243611150225 -0.2095819831116723 0.7882063442266944
0.2351451549071953 -0.5794298031779964 -0.20847765896548465 0.7879074621434805
0.23638951269038969 -0.7688284272466572 0.14634460806001134 0.6224838191866461
0.23149026372498718 -0.5045112881512311 -0.3037131231190794 0.8082244112703106
0.2562706871194961 -0.5432555101044452 -0.2562501551276493 0.799505665232095
0.23138507103521677 -0.7071067811865482 1.1703422753756966e-15 0.7071067811865471
0.23155431450288716 -0.7567223488474808 0.11278921606581543 0.6439331327816656
0.23120000000000002 -0.7071067811865477 5.920870904196487e-16 0.7071067811865471
0.2558150312345926 -0.8149914323723471 0.36458040575094147 0.4504110266214057
0.23401708154789413 -0.8047914019974013 0.2830931467373065 0.5216982552600947
0.2422257459239059 -0.47555735539735927 -0.337011633019588 0.8125689884169468
0.24672035400946632 -0.6324676260127408 -0.1309669545850505 0.7634345805977911
0.24345273681049606 -0.7416009571794149 0.07496096934029742 0.6666399878391175
0.24301934069495196 -0.741622103560156 0.07501130256913478 0.6666108009910212
0.2338658443632046 -0.7642768022324691 0.13331973787534473 0.6309570643571244
0.26014587319416516 -0.7926408011555123 0.22664300002700258 0.5659978011285092
0.23783478930440882 -0.43773529193928784 -0.3780334016447154 0.8157686935840033
0.2767593196880417 -0.6095059144820018 -0.16575411513793128 0.7752600296199336
0.23657244807071176 -0.5327819868545831 -0.2694331529700709 0.8022151398246535
0.2501247773892396 -0.5070368636713428 -0.3007244879736358 0.8077613516449785
0.24332682305666603 -0.5156664198889555 -0.2904058871191853 0.8060723070081407
0.24944482821867694 -0.4762979869870448 -0.3361811995958419 0.8124791865828869
0.22222222222222224 -0.8022116280348832 0.26941535162848795 0.5327962764063956
0.24035555555555557 -0.7071067811865475 -4.4768530751414185e-16 0.7071067811865478
0.26316143584515306 -0.6433178096853156 -0.11377954868007109 0.757097358365387
0.23775214007338985 -0.5798447865008314 -0.20790791687127008 0.7877527033721015
0.23638391884181498 -0.47496058249271056 -0.33767997668653865 0.8126405591792494
0.2522011556110685 -0.7945539905064172 0.2344489659469915 0.5601050245594259
0.23881313071375104 -0.5405086495900917 -0.25973416544669636 0.8002428150367883
0.24762009352869224 -0.6745363223231615 -0.06116698086288701 0.7357033031860487
0.2359913298623717 -0.7419682641156834 0.07583616698969277 0.6661320971259908
0.2555333127246383 -0.7866982645232025 0.20406262865625643 0.5826356358669457
0.2520005666460304 -0.8145245958551969 0.3581475133897812 0.4563770824654154
0.24899976716061192 -0.5298635130993323 -0.2730584785982639 0.8029219916975965
0.2586417378057214 -0.6508625871014857 -0.10151533020177148 0.7523779173032568
0.24345273681049606 -0.7416009571794148 0.07496096934029722 0.6666399878391174
0.2315543145028872 -0.6439331327816644 -0.11278921606581709 0.7567223488474814
0.26014393403690883 -0.7625734726082465 0.12857885325404875 0.6339946193541977
0.25650140493180107 -0.45045700379013953 -0.36453108115747174 0.8149880849476113
0.24313853521440099 -0.6941371048457503 -0.02526229475107278 0.7193993995968231
0.2274744077485095 -0.578199980358331 -0.21016305375180602 0.7883630341101372
0.2417358662701729 -0.798649761159656 0.25229114550614373 0.5463586156535122
0.24902891267346403 -0.44317111770619766 -0.37229954815269234 0.8154706658588896
0.2562716642595374 -0.47700160098257244 -0.33539126644730366 0.8123928674298764
0.2560692032469111 -0.7706985691244549 0.15185884222649065 0.6188397268979646
0.24751203067481098 -0.46434884042056007 -0.3494484092935666 0.8137972497141269
0.24332682305666606 -0.5156664198889555 -0.2904058871191854 0.8060723070081407
0.2450825873879976 -0.7475055407263229 0.0892767609395448 0.6582287797867782
0.2414380543558579 -0.7561071763396727 0.11117074230720755 0.6449364340324649
0.2708263978322739 -0.8035574964489594 0.276393292825894 0.5271642036230654
0.23927014660345583 -0.6166256802153913 -0.15518427733121468 0.7718099575466063
0.2410471701120708 -0.644897273588811 -0.11123400049729958 0.7561312740861106
0.24298863731880257 -0.7874419675337304 0.20676815328560305 0.5806738142481277
0.2550804241130651 -0.6018561443599783 -0.1769075544973293 0.7787636988573075
0.23849948346280542 -0.7503491739681706 0.09636983838040135 0.6539793355877692
0.23582766439909292 -0.8164965809277261 0.40824829046386274 0.4082482904638628
0.24187860633155345 -0.6123321056295198 -0.16158072089029626 0.773912826519816
0.26908573968518296 -0.4392647786345986 -0.37642536014018657 0.8156901387747855
0.23410107235135755 -0.7642612300608508 0.1332760808756172 0.6309851491852335
0.2482552773352889 -0.5815015773691127 -0.20562803503572089 0.7871296124048333
0.2402009156892413 -0.45927379267017837 -0.3550003309475756 0.8142741236177545
0.26025828537234147 -0.5084140120669368 -0.29908893128263053 0.8075029433495673
0.25420287621889287 -0.5824291739683722 -0.20434791460657117 0.7867770885749438
0.24173586627017282 -0.5463586156535125 -0.2522911455061433 0.7986497611596556
0.2312925170068027 -0.40824829046386385 -0.40824829046386213 0.816496580927726
0.24968888888888885 -0.7071067811865478 5.468464738522066e-16 0.7071067811865472
0.24846017389502056 -0.5297814966389186 -0.27316006188741193 0.802941558526331
0.24694872633528211 -0.5545199607276716 -0.24175900759897148 0.796278968326643
0.23914688817067475 -0.8002288418067103 0.2596674538463252 0.5405613879603849
0.23582766439909297 -0.40824829046386296 -0.40824829046386274 0.816496580927726
0.26992205815991654 -0.7461866705932162 0.08603221032187672 0.6601544602713393
0.25650140493180107 -0.45045700379013953 -0.36453108115747174 0.8149880849476113
0.24759697983251067 -0.498618509137721 -0.310632427000709 0.80925093613843
0.24764760557351687 -0.6066846031387655 -0.1698916196955338 0.7765762228342991
0.249803107359477 -0.6876490694585634 -0.03742875109862895 0.7250778205571925
0.26014587319416516 -0.565997801128509 -0.2266430000270031 0.7926408011555124
0.26396481491017243 -0.599497024859332 -0.18030615934075553 0.7798031842000875
0.2455635226890774 -0.4884208998117945 -0.3224320903876087 0.8108529901994033
0.2538208168953644 -0.4674663737149569 -0.346013647618003 0.8134800213329597
0.27187057162517647 -0.5716435721787995 -0.21907198470797917 0.7907155568867785
0.2482552773352889 -0.5815015773691127 -0.20562803503572089 0.7871296124048333
0.2616251094464349 -0.7135145822438002 0.012994719433109142 0.7005198628106913
0.22484445004775308 -0.5777752823609735 -0.21074401546220767 0.7885192978231809
0.25014310171311044 -0.6670857751026066 -0.07419161735576983 0.7412773924583764
0.2609335379571969 -0.7925992414201407 0.2264766779868826 0.5661225634332581
0.24789746065691656 -0.7171431316600247 0.020519356053712592 0.6966237756063121
0.272195342526691 -0.42822057395619173 -0.38794482265097463 0.8161653966071667
0.2315543145028871 -0.6439331327816651 -0.11278921606581643 0.7567223488474811
0.24226753875861082 -0.4314393469384126 -0.3846094591197567 0.8160488060581695
0.26402695848783625 -0.7570449897541179 0.11364108251269435 0.6434039072414232
0.2543030169365229 -0.539550745829764 -0.2609446516799216 0.8004953975096857
0.2340170815478941 -0.5216982552600946 -0.283093146737307 0.8047914019974014
0.2335437842685415 -0.7290039633272045 0.046044894931463846 0.6829590683957404
0.2493906762580105 -0.7658658875522232 0.1378062791455909 0.6280596084066326
0.23815350117842762 -0.8157679255921348 0.37801728100299337 0.4377506445891415
0.23849948346280547 -0.6539793355877696 -0.09636983838040097 0.7503491739681704
0.2592847003459936 -0.42094890605761337 -0.3954145746542121 0.8163634807118253
0.23401708154789413 -0.5216982552600955 -0.2830931467373057 0.8047914019974012
0.24762009352869224 -0.6745363223231615 -0.06116698086288701 0.7357033031860487
0.2522011556110685 -0.5601050245594256 -0.23444896594699183 0.7945539905064171
0.26042429098632225 -0.5297460002530938 -0.2732040216945739 0.8029500219476676
0.23575555555555558 -0.7071067811865476 1.89316572319944e-16 0.7071067811865475
0.23354378426854158 -0.7290039633272045 0.04604489493146338 0.6829590683957412
0.2847245848991625 -0.8156482625558474 0.37559939167896933 0.44004887087687866
0.25664637527016704 -0.6372728020644195 -0.12341849579817502 0.7606912978625948
0.22905898535287966 -0.6656496253817187 -0.0766662521345935 0.7423158775163123
0.23849948346280542 -0.6539793355877688 -0.09636983838040172 0.7503491739681706
0.2672892104882376 -0.6638695779972619 -0.07971784072369069 0.7435874187209527
0.2414380543558579 -0.7561071763396723 0.11117074230720748 0.6449364340324648
0.2545189333029714 -0.6906355303654508 -0.03186511240800568 0.7225006427734564
0.24479227760088937 -0.550948845424132 -0.24638909133577566 0.7973379367599076
0.24000000000000005 -0.8164965809277261 0.40824829046386296 0.40824829046386296
0.2703438839805739 -0.7018612800319923 -0.010376788213606722 0.7122380682455992
0.2475969798325106 -0.4986185091377211 -0.3106324270007089 0.8092509361384302
0.25220115561106854 -0.5601050245594259 -0.23444896594699152 0.7945539905064168
0.2577480316322454 -0.6008491355921012 -0.17836060030512235 0.7792097358972238
0.26162510944643486 -0.7005198628106913 -0.01299471943310919 0.7135145822438005
0.2311111111111111 -0.8164965809277261 0.408248290463863 0.4082482904638631
0.25484085827424385 -0.7938460739656372 0.2315256121630582 0.562320461802579
0.265687758104824 -0.6136687444690951 -0.15959676313946747 0.773265507608563
0.23657334234591645 -0.6661721324980712 -0.07576722946010898 0.7419393619581802
0.23354378426854158 -0.7290039633272052 0.04604489493146478 0.68295906839574
0.2637831094634649 -0.8092126010841997 0.31036605072861523 0.49884655035558445
0.2552419817031737 -0.5200710699233226 -0.2850741436091817 0.8051452135325043
0.2380718780839277 -0.5798955793603627 -0.20783814601781694 0.7877337253781799
0.2640269584878362 -0.6434039072414234 -0.11364108251269482 0.757044989754118
0.2481128197116726 -0.7519878297316318 0.10052027193126409 0.6514675578003676
0.23861233143361676 -0.8101907829467904 0.3173846656694767 0.4928061172773138
0.2466335797355627 -0.7766425962752393 0.17010189423837518 0.6065407020368642
0.27763759831642165 -0.6979627356866085 -0.01794643799137174 0.7159091736779796
0.2508312808905661 -0.45628848342478484 -0.3582435266801894 0.8145320101049744
0.23828377059705752 -0.4927657426208751 -0.3174313198682461 0.8101970624891214
0.24301934069495193 -0.6666108009910209 -0.07501130256913524 0.7416221035601561
0.24944482821867694 -0.4762979869870448 -0.3361811995958419 0.8124791865828869
0.2340170815478941 -0.5216982552600948 -0.28309314673730646 0.8047914019974012
0.25355218836813087 -0.7868156442062255 0.20448758357834115 0.5823280606278842
0.23927014660345583 -0.7718099575466055 0.15518427733121332 0.6166256802153925
0.24811281971167262 -0.7519878297316311 0.10052027193126355 0.651467557800368
0.240530827201656 -0.7337812271355656 0.05677155090383207 0.6770096762317336
0.2522853004040858 -0.7314438216170998 0.051488793738389514 0.6799550278787103
0.2274744077485095 -0.578199980358331 -0.21016305375180602 0.7883630341101372
0.23599132986237165 -0.7419682641156836 0.07583616698969287 0.666132097125991
0.2566506529434665 -0.6675110152230082 -0.07345670170565484 0.7409677169286631
0.25129750763179604 -0.7555054530282052 0.10959487592329036 0.6459105771049155
0.23949434969076738 -0.5406162825587311 -0.25959800727364324 0.8002142898323746
0.25420287621889287 -0.7867770885749436 0.20434791460657134 0.5824291739683725
0.25105083065563694 -0.5350207633586486 -0.26663808745762535 0.8016588508162739
0.2694337912950593 -0.45921622796521877 -0.3550630260440278 0.8142792540092465
0.23775214007338988 -0.5798447865008313 -0.20790791687127025 0.7877527033721016
0.25508042411306503 -0.7787636988573075 0.17690755449732923 0.6018561443599783
0.25508049573950725 -0.49483662928100364 -0.31503393465837043 0.8098705639393741
0.2340170815478941 -0.5216982552600946 -0.283093146737307 0.8047914019974014
0.253968253968254 -0.8164965809277264 0.4082482904638626 0.40824829046386363
0.24561775976136524 -0.7286037136960737 0.04515851712242522 0.6834451965736487
0.2555163720586648 -0.7938113217534657 0.23138318780430753 0.5624281339491584
0.25129750763179604 -0.645910577104915 -0.10959487592329016 0.7555054530282054
0.23581675703470084 -0.8126474557930996 0.33774468995672685 0.4749027658363728
0.2593464215026142 -0.7626241238574513 0.12871884293227062 0.6339052809251807
0.23575555555555558 -0.7071067811865476 1.89316572319944e-16 0.7071067811865475
0.2582136346819589 -0.4607345030667394 -0.3534073524559469 0.8141418555226863
0.24846017389502056 -0.5297814966389186 -0.27316006188741193 0.802941558526331
0.24267671546029373 -0.43145492389843093 -0.3845932743933246 0.8160481982917555
0.23984806848553636 -0.45924539986588997 -0.35503125500665356 0.8142766548725436
0.2274744077485095 -0.578199980358331 -0.21016305375180602 0.7883630341101372
0.26079763206082673 -0.8163628143837348 0.39538232642015286 0.42098048796358156
0.24079097280395123 -0.5057706947343156 -0.3022245545990884 0.807995249333404
0.24298863731880257 -0.7874419675337304 0.20676815328560305 0.5806738142481277
0.24506610633545645 -0.44969484881550525 -0.3653482272295664 0.8150430760450718
0.23582766439909292 -0.8164965809277261 0.40824829046386274 0.4082482904638628
0.24865410332139268 -0.7519563630234372 0.10044012410145149 0.6515162389219857
0.24345273681049606 -0.7416009571794148 0.07496096934029722 0.6666399878391174
0.24645907673770442 -0.7963026052463203 0.24186112168256965 0.5544414835637501
0.226780508121616 -0.7071067811865482 1.3811568952289435e-15 0.7071067811865468
0.23401708154789413 -0.5216982552600955 -0.2830931467373057 0.8047914019974012
0.2386123314336167 -0.4928061172773143 -0.3173846656694764 0.8101907829467903
0.2672892104882376 -0.6638695779972622 -0.07971784072369065 0.7435874187209528
0.23548635140330645 -0.7071067811865475 2.2323586964999667e-16 0.7071067811865474
0.2541086690135352 -0.7693826908840056 0.14796849858081576 0.6214141923031898
0.23609454329519186 -0.4749310807634233 -0.3377129983292397 0.812644079092663
0.2403666288659396 -0.5802594574970171 -0.2073380807517145 0.7875975382487321
0.2514042152881531 -0.45633188436993116 -0.3581964956301972 0.8145283800001285
0.23401708154789413 -0.5216982552600955 -0.2830931467373057 0.8047914019974012
0.2588977070579376 -0.7985900897941749 0.25201842977473 0.5465716600194446
0.23167974612963937 -0.5045369227700555 -0.30368285858039185 0.8082197813504475
0.2481128197116726 -0.6514675578003675 -0.10052027193126385 0.7519878297316313
0.2446088818890591 -0.44966454447760845 -0.3653806961715898 0.8150452406491981
0.23849948346280547 -0.6539793355877696 -0.09636983838040097 0.7503491739681704
0.22919950606510064 -0.6656595096605646 -0.07664925916047427 0.7423087688210391
0.23657244807071182 -0.5327819868545833 -0.26943315297007026 0.8022151398246539
0.23434599973896375 -0.6310143741666979 -0.1332306480679321 0.7642450222346296
0.2617812189785568 -0.686868052749942 -0.03887371430474255 0.7257417670546845
0.2557658142623184 -0.6019549971051309 -0.1767647291132769 0.7787197262184078
0.24460888188905913 -0.449664544477608 -0.3653806961715903 0.815045240649198
0.24479227760088937 -0.550948845424132 -0.24638909133577566 0.7973379367599076
0.23783478930440885 -0.4377352919392887 -0.37803340164471466 0.8157686935840033
0.26889341457447 -0.5095895075608001 -0.29768954494487215 0.8072790525056726
0.2813635403716962 -0.7195962739825962 0.025678544849841077 0.6939177291327548
0.2588977070579376 -0.7985900897941749 0.25201842977473 0.5465716600194446
0.23011211236383092 -0.7882063442266948 0.20958198311167223 0.5786243611150224
0.24228568230289527 -0.773885792912917 0.16149759345446735 0.6123881994584494
0.23354378426854158 -0.7290039633272045 0.04604489493146338 0.6829590683957412
0.24267671546029376 -0.43145492389843176 -0.3845932743933241 0.8160481982917561
0.23893160304655697 -0.6165802185869151 -0.15525236506621098 0.7718325836531262
0.23377768219567063 -0.6829686654320446 -0.04602741101373757 0.7289960764457817
0.26632943150110916 -0.5045124703926298 -0.3037117273822355 0.8082241977748654
0.25191843960627214 -0.4862946755768594 -0.3248650884657837 0.8111597640426428
0.250701199569344 -0.7555415170278454 0.10968912535818763 0.645852391669658
0.24332682305666606 -0.5156664198889549 -0.2904058871191857 0.8060723070081406
0.25920000000000004 -0.7071067811865476 2.1250078250150735e-17 0.7071067811865474
0.2381754605099652 -0.7503678457146454 0.09641686582193394 0.6539509798927111
0.23815350117842762 -0.8157679255921348 0.37801728100299337 0.4377506445891415
0.24341743549957684 -0.5807414343580277 -0.20667509541257761 0.7874165297706053
0.23354378426854158 -0.7290039633272045 0.04604489493146338 0.6829590683957412
0.2463705552422376 -0.8043844854124601 0.2808489292489199 0.5235355561635399
0.2743243531254958 -0.7346273531711496 0.05870066814366976 0.67592668502748
0.24700545641666138 -0.46430466360133604 -0.349496947850341 0.813801611451677
0.23775214007338988 -0.5798447865008313 -0.20790791687127025 0.7877527033721016
0.2543030169365229 -0.5395507458297638 -0.2609446516799219 0.8004953975096858
0.2315543145028872 -0.6439331327816644 -0.11278921606581709 0.7567223488474814
0.2668394235508167 -0.5544497273113826 -0.2418503957366728 0.7963001230480554
0.22736906081313246 -0.5781829985157247 -0.2101862943305608 0.7883692928462859
0.2266666666666667 -0.4082482904638659 -0.40824829046386 0.8164965809277259
0.26786294301513286 -0.5845312380582287 -0.20143714964915205 0.7859683877073806
0.2336397678644535 -0.44894139214172557 -0.36615500588968264 0.8150963980314085
0.23783478930440882 -0.43773529193928784 -0.3780334016447154 0.8157686935840033
0.2362763141890467 -0.741954106696394 0.07580239714061067 0.6661517095557836
0.240530827201656 -0.7337812271355659 0.05677155090383237 0.6770096762317335
0.23893160304655692 -0.7718325836531259 0.155252365066211 0.616580218586915
0.2315543145028872 -0.6439331327816644 -0.11278921606581709 0.7567223488474814
0.2351451549071953 -0.5794298031779964 -0.20847765896548454 0.7879074621434805
0.245095334053937 -0.4883658821336634 -0.3224951632180048 0.8108610453516691
0.24713027863455758 -0.776610077448659 0.16999885304950565 0.6066112243991533
0.24670453317364152 -0.42740653022333064 -0.38878552602211125 0.8161920562454422
0.2351451549071953 -0.5794298031779964 -0.20847765896548454 0.7879074621434805
0.2460369539915755 -0.7474535022172164 0.08914820919546045 0.6583052930217561
0.24036662886593954 -0.5802594574970174 -0.2073380807517147 0.7875975382487319
0.2570356879712219 -0.6007460420509624 -0.17850916147881454 0.779255203529777
0.245095334053937 -0.4883658821336634 -0.3224951632180048 0.8108610453516691
0.2369746045549842 -0.7687892682020884 0.14623020387903748 0.6225590643230509
0.23775214007338985 -0.5798447865008316 -0.20790791687126983 0.7877527033721015
0.2514728515407356 -0.698315186973733 -0.017266920883256386 0.7155821078569893
0.2545189333029714 -0.6906355303654503 -0.03186511240800617 0.7225006427734566
0.25442222222222227 -0.7071067811865471 -2.8856403719596626e-16 0.7071067811865478
0.2335437842685416 -0.6829590683957403 -0.04604489493146471 0.7290039633272051
0.23111111111111107 -0.4082482904638633 -0.40824829046386274 0.8164965809277257
0.23810055293146493 -0.7228980477861081 0.03271842084509456 0.6901796269410136
0.22479192979524076 -0.5777667851793559 -0.21075563356583968 0.7885224187451957
0.25855943777217916 -0.5253455897365739 -0.27863027043639865 0.8039758601729722
0.24444444444444438 -0.4082482904638633 -0.40824829046386313 0.816496580927726
0.2660935393479148 -0.654313783608737 -0.09581486190350534 0.7501286455122423
0.24913494809688586 -0.7071067811865476 2.8593208504702263e-16 0.7071067811865477
0.24313853521440099 -0.6941371048457503 -0.02526229475107278 0.7193993995968231
0.22892401275476182 -0.6656401272283498 -0.07668258078213386 0.7423227080104841
0.28990303874437723 -0.7883775657325861 0.210217017676167 0.5781605480564197
0.24764760557351684 -0.6066846031387654 -0.16989161969553346 0.7765762228342988
0.24104717011207077 -0.7561312740861108 0.11123400049730005 0.6448972735888107
0.2368666366312337 -0.5328275860730034 -0.26937634558095414 0.8022039316539572
0.2440555009294381 -0.6090391678270866 -0.16644057261709952 0.7754797404441857
0.23254565733239577 -0.5790145094524145 -0.20904730435703406 0.7880618138094486
0.2421370569885542 -0.5464225776948088 -0.2522092807337842 0.7986318584285932
0.25576581426231837 -0.7787197262184078 0.17676472911327726 0.6019549971051302
0.23488997140868362 -0.5793891017997536 -0.20853351087179414 0.7879226126715478
0.2336397678644535 -0.44894139214172557 -0.36615500588968264 0.8150963980314085
0.24555001808826366 -0.74748003903089 0.08921375809519524 0.6582662809356951
0.24789746065691654 -0.6966237756063122 -0.020519356053712783 0.7171431316600249
0.25069731962174124 -0.5071146040222173 -0.30063227186279873 0.8077468758850156
0.26723281724300063 -0.8044837087798813 0.28139289191683853 0.5230908168630429
0.2291995060651007 -0.742308768821039 0.07664925916047415 0.6656595096605649
0.24944482821867697 -0.47629798698704495 -0.336181199595842 0.8124791865828872
0.2456181814647679 -0.5810878548412647 -0.2061981371531089 0.7872859919943738
0.2501431017131104 -0.7412773924583761 0.07419161735576975 0.6670857751026066
0.25069731962174124 -0.5071146040222172 -0.30063227186279873 0.8077468758850156
0.24187860633155345 -0.6123321056295198 -0.16158072089029626 0.773912826519816
0.23849948346280542 -0.6539793355877688 -0.09636983838040172 0.7503491739681706
0.27513931063725106 -0.518478529611155 -0.2870070264854401 0.8054855560965949
0.22736906081313246 -0.5781829985157233 -0.21018629433056282 0.7883692928462858
0.23275758093268728 -0.5790484225700762 -0.20900080638140778 0.7880492289514837
0.2522011556110685 -0.5601050245594255 -0.23444896594699194 0.7945539905064168
0.22479192979524082 -0.5777667851793612 -0.2107556335658324 0.7885224187451936
0.23341133133248482 -0.448926410769351 -0.3661710370067654 0.8150974477761163
0.23138507103521683 -0.7071067811865479 8.515663419315072e-16 0.707106781186547
0.25612546962333527 -0.7144175285172779 0.014855589583058973 0.6995619389342191
0.26051680772810676 -0.6467985736029545 -0.10815453821793758 0.7549531118208921
0.2533107288488116 -0.758399360069712 0.1172401259346316 0.6411592341350806
0.2475932500304 -0.7520180678569836 0.10059730721285846 0.6514207606441251
0.2621060200310745 -0.6150627626777486 -0.15752060336327856 0.7725833660410274
0.24555001808826366 -0.6582662809356948 -0.08921375809519533 0.7474800390308902
0.2588794986359019 -0.5831532488794261 -0.20334682038890672 0.7865000692683326
0.2407330279050396 -0.7071067811865472 -3.5661838642052536e-16 0.7071067811865477
0.25627068711949597 -0.543255510104445 -0.2562501551276494 0.7995056652320949
0.23514515490719526 -0.579429803177996 -0.20847765896548456 0.7879074621434802
0.23627631418904674 -0.7419541066963935 0.07580239714060968 0.6661517095557841
0.24700545641666136 -0.8138016114516771 0.3494969478503404 0.4643046636013361
0.245095334053937 -0.8108610453516687 0.32249516321800403 0.4883658821336643
0.22489916193200307 -0.5777841334577681 -0.2107319132233817 0.7885160466811498
0.2500017987142239 -0.47635527414686757 -0.336116921140682 0.81247219528755
0.2615351498383602 -0.5494965041211 -0.24826244952118448 0.797758953642284
0.23275758093268728 -0.579048422570076 -0.20900080638140772 0.7880492289514837
0.2335437842685416 -0.7290039633272045 0.04604489493146378 0.6829590683957405
0.24506610633545647 -0.449694848815506 -0.36534822722956606 0.8150430760450719
0.27019287187301994 -0.6111395170670751 -0.1633453382689293 0.774484855336004
0.23927014660345586 -0.6166256802153917 -0.15518427733121454 0.7718099575466062
0.2400000000000001 -0.4082482904638636 -0.4082482904638626 0.816496580927726
0.2471302786345576 -0.6066112243991536 -0.1699988530495053 0.776610077448659
0.22479192979524076 -0.5777667851793572 -0.21075563356583785 0.7885224187451951
0.2586154345955194 -0.43499728095593176 -0.3809017473650818 0.8158990283210134
0.251050830655637 -0.5350207633586483 -0.2666380874576255 0.8016588508162739
0.23843022296292363 -0.7228898783437443 0.03270086266078848 0.6901890156829559
0.27248927743573464 -0.514311197454141 -0.2920374403129066 0.8063486377670476
0.251143818877094 -0.42460361014446674 -0.39167156411652027 0.8162751742609867
0.2602101612883099 -0.6169392494350029 -0.15471443360049755 0.7716536830355003
0.24345273681049606 -0.7416009571794149 0.07496096934029742 0.6666399878391175
0.26947352925859097 -0.598553019772194 -0.18166081647898186 0.7802138362511761
0.24687688226366747 -0.5236108017244678 -0.28075685016348484 0.8043676518879529
0.24759697983251067 -0.49861850913772193 -0.3106324270007086 0.80925093613843
0.22479192979524082 -0.5777667851793582 -0.21075563356583654 0.7885224187451946
0.251050830655637 -0.5350207633586483 -0.2666380874576255 0.8016588508162739
0.22919950606510064 -0.6656595096605646 -0.07664925916047427 0.7423087688210391
0.2427110704928612 -0.6941278660974439 -0.025279831677178104 0.7194076977746222
0.24035555555555557 -0.7071067811865479 6.980713464169517e-16 0.7071067811865472
0.2587514986144468 -0.8113060564948514 0.32604861868941765 0.4852574378054344
0.23815350117842765 -0.43775064458914115 -0.3780172810029934 0.8157679255921348
0.25694587952889264 -0.5020115625357261 -0.30665746237504465 0.8086690249107708
0.23514515490719526 -0.5794298031779958 -0.20847765896548479 0.7879074621434806
0.26310715590360634 -0.4777092529273873 -0.33459580927654364 0.812305062203931
0.23167974612963937 -0.5045369227700555 -0.30368285858039185 0.8082197813504475
0.24811699499390405 -0.4986851523227659 -0.3105545922004643 0.8092397445232304
0.26687996740402503 -0.6767059394775822 -0.05731330833759769 0.7340192478151801
0.22222222222222224 -0.8022116280348832 0.26941535162848795 0.5327962764063956
0.23810055293146495 -0.7228980477861087 0.03271842084509498 0.6901796269410133
0.2508792438317241 -0.6243173499395591 -0.14355053595680956 0.7678678858963689
0.2730404173837338 -0.805548750546471 0.28736896868513295 0.5181797818613375
0.2273690608131325 -0.5781829985157232 -0.21018629433056302 0.7883692928462861
0.24301934069495193 -0.7416221035601561 0.07501130256913513 0.666610800991021
0.24091169328064527 -0.7337661165578564 0.05673718188573496 0.6770289346721216
0.2694337912950594 -0.8142792540092462 0.3550630260440273 0.45921622796521855
0.2647922391980906 -0.6135495337907219 -0.15977397352614184 0.7733235073168636
0.2503824608888718 -0.687667733380535 -0.037394170513789834 0.7250619038943249
0.2384994834628053 -0.75034917396817 0.0963698383804006 0.6539793355877696
0.2475969798325106 -0.49861850913772143 -0.3106324270007087 0.8092509361384301
0.251050830655637 -0.5350207633586483 -0.2666380874576255 0.8016588508162739
0.25508042411306503 -0.7787636988573075 0.17690755449732923 0.6018561443599783
0.283351051198976 -0.7551754610243393 0.10873364871312392 0.646441812311215
0.2558150312345926 -0.45041102662140603 -0.36458040575094125 0.8149914323723474
0.2524214021413632 -0.7782064776782075 0.17510321880462373 0.6031032588735838
0.266605226433717 -0.7237436491149982 0.034539657219365784 0.6892039918956325
0.2545189333029714 -0.6906355303654503 -0.03186511240800617 0.7225006427734566
0.22929856793567907 -0.47423984597398344 -0.33848621524289996 0.8127260612168832
0.23167974612963937 -0.5045369227700552 -0.30368285858039207 0.8082197813504471
0.2578899001511915 -0.6507951104144004 -0.10162620665568672 0.7524213170700869
0.2427110704928612 -0.694127866097445 -0.025279831677176758 0.7194076977746214
0.23843022296292363 -0.6901890156829562 -0.03270086266078768 0.7228898783437437
0.2615351498383601 -0.7977589536422838 0.24826244952118418 0.5494965041211001
0.2407407407407408 -0.8164965809277259 0.40824829046386263 0.40824829046386296
0.2406718675861304 -0.756154428890867 0.11129479420087414 0.6448596346899931
0.252073193784105 -0.5139959691350232 -0.2924163470481746 0.8064123161831978
0.23843022296292363 -0.6901890156829562 -0.03270086266078768 0.7228898783437437
0.24020091568924126 -0.45927379267017865 -0.3550003309475758 0.8142741236177542
0.23744504678466571 -0.5797959811070127 -0.20797495028493362 0.7877709313919469
0.24603695399157552 -0.6583052930217564 -0.08914820919546032 0.7474535022172162
0.22915406303985997 -0.8127277902628065 0.33850260866480364 0.474225181598003
0.25484085827424385 -0.5623204618025789 -0.23152561216305798 0.7938460739656369
0.2314902637249872 -0.5045112881512321 -0.3037131231190787 0.8082244112703106
0.24332682305666606 -0.5156664198889555 -0.2904058871191854 0.8060723070081407
0.2644681993428713 -0.41971669631325415 -0.39667147067086933 0.8163881669841235
0.249803107359477 -0.7250778205571926 0.03742875109862869 0.6876490694585636
0.23810055293146493 -0.7228980477861087 0.03271842084509491 0.6901796269410134
0.2430437568262468 -0.4756411022089086 -0.3369177862431783 0.8125588884520868
0.2291995060651007 -0.742308768821039 0.07664925916047415 0.6656595096605649
0.2589495849182554 -0.4607946564142028 -0.35334166609179574 0.8141363225059983
0.2524214021413632 -0.6031032588735842 -0.1751032188046237 0.7782064776782076
0.2456177597613653 -0.7286037136960739 0.04515851712242527 0.6834451965736486
0.24939067625801048 -0.6280596084066326 -0.13780627914559054 0.7658658875522234
0.2417358662701729 -0.5463586156535123 -0.2522911455061438 0.7986497611596562
0.24345273681049606 -0.7416009571794148 0.07496096934029722 0.6666399878391174
0.258879498635902 -0.7865000692683325 0.20334682038890686 0.5831532488794259
0.23136978844484543 -0.7567339514853507 0.11281981420253519 0.6439141372828154
0.250701199569344 -0.645852391669658 -0.10968912535818745 0.7555415170278457
0.2362763141890467 -0.741954106696394 0.07580239714061067 0.6661517095557836
0.2313697884448454 -0.6439141372828152 -0.11281981420253574 0.7567339514853508
0.22995363131319585 -0.5785989072534198 -0.20961685037012417 0.7882157576235439
0.2647922391980906 -0.6135495337907221 -0.15977397352614178 0.7733235073168638
0.24053082720165597 -0.7337812271355663 0.05677155090383281 0.6770096762317329
0.24825527733528888 -0.7871296124048327 0.2056280350357203 0.5815015773691123
0.2418786063315535 -0.6123321056295199 -0.16158072089029654 0.7739128265198162
0.2549302361886 -0.8163281122528886 0.39380056563051935 0.42252754662236913
0.22666666666666674 -0.8164965809277264 0.40824829046386224 0.4082482904638634
0.25451893330297143 -0.6906355303654509 -0.03186511240800566 0.7225006427734562
0.24645907673770437 -0.5544414835637502 -0.24186112168256962 0.7963026052463202
0.259500175932018 -0.48534205030856503 -0.3259521546860306 0.8112942049945955
0.24332682305666606 -0.5156664198889549 -0.2904058871191857 0.8060723070081406
0.23657244807071182 -0.532781986854584 -0.2694331529700705 0.802215139824654
0.2340170815478941 -0.5216982552600946 -0.28309314673730673 0.8047914019974014
0.238836938582592 -0.750329742655636 0.09632090426963387 0.6540088383860022
0.2545189333029714 -0.7225006427734563 0.031865112408005804 0.6906355303654509
0.24362305490685737 -0.7603191891727609 0.12240768298967354 0.6379115061830872
0.2340170815478941 -0.5216982552600946 -0.28309314673730673 0.8047914019974014
0.2382837705970575 -0.810197062489121 0.31743131986824547 0.49276574262087536
0.2541086690135351 -0.62141419230319 -0.14796849858081543 0.7693826908840056
0.2274744077485095 -0.7883630341101368 0.21016305375180494 0.5781999803583318
0.2274744077485095 -0.5781999803583325 -0.21016305375180377 0.7883630341101365
0.2552830516111912 -0.7494001069406189 0.09398737155507823 0.6554127353855406
0.251143818877094 -0.8162751742609872 0.39167156411652043 0.4246036101444666
0.26748016926066975 -0.8130334410030735 0.34145930080150133 0.47157414020157185
0.23627631418904674 -0.6661517095557838 -0.07580239714061035 0.7419541066963941
0.2311111111111111 -0.8164965809277261 0.408248290463863 0.4082482904638631
0.2500017987142239 -0.4763552741468673 -0.3361169211406826 0.8124721952875502
0.23778402300571477 -0.6901706030344823 -0.03273529616142525 0.7229058991959073
0.24298863731880266 -0.5806738142481273 -0.2067681532856034 0.7874419675337307
0.2327575809326873 -0.5790484225700773 -0.20900080638140647 0.7880492289514832
0.22901534186761285 -0.47421110546886036 -0.3385183440831888 0.812729449552049
0.2748647744201447 -0.5603141346336437 -0.23417361706562229 0.7944877516992657
0.24362305490685743 -0.6379115061830878 -0.1224076829896733 0.7603191891727608
0.252917980624084 -0.7314210331762836 0.051437618980818556 0.679983414195465
0.2552005455377548 -0.7224845469223294 0.03183058636760269 0.690653960554727
0.2631071559036063 -0.4777092529273873 -0.3345958092765435 0.8123050622039313
0.24870666926214582 -0.7356580791815983 0.061063016535553905 0.6745950626460442
0.22919950606510064 -0.6656595096605648 -0.07664925916047448 0.742308768821039
0.22892401275476182 -0.6656401272283498 -0.07668258078213396 0.7423227080104835
0.2493906762580105 -0.7658658875522228 0.1378062791455902 0.628059608406633
0.2266666666666667 -0.4082482904638659 -0.40824829046386 0.8164965809277259
0.23810055293146493 -0.7228980477861081 0.03271842084509456 0.6901796269410136
0.2544202466783546 -0.49475496409487996 -0.3151286460326063 0.8098836101274862
0.2386123314336167 -0.4928061172773134 -0.3173846656694769 0.8101907829467904
0.23167974612963937 -0.5045369227700552 -0.30368285858039196 0.8082197813504471
0.22668888888888888 -0.7071067811865474 -4.548678026935681e-16 0.7071067811865478
0.2325456573323958 -0.788061813809449 0.20904730435703475 0.5790145094524136
0.2552419817031737 -0.5200710699233232 -0.2850741436091814 0.8051452135325042
0.24694872633528211 -0.5545199607276716 -0.24175900759897148 0.796278968326643
0.23275758093268728 -0.579048422570076 -0.20900080638140772 0.7880492289514837
0.2566463752701671 -0.7606912978625949 0.12341849579817478 0.6372728020644197
0.24694872633528203 -0.5545199607276718 -0.24175900759897076 0.7962789683266422
0.2410471701120708 -0.7561312740861108 0.11123400049730012 0.6448972735888109
0.25621203558517847 -0.786658057179777 0.2039172396072484 0.5827408175725284
0.2362763141890467 -0.741954106696394 0.07580239714061067 0.6661517095557836
0.2410471701120708 -0.7561312740861108 0.11123400049730012 0.6448972735888109
0.25558448122669186 -0.42254290904650466 -0.39378483832137917 0.8163277473678833
0.23599132986237165 -0.741968264115684 0.07583616698969332 0.6661320971259908
0.2429886373188026 -0.580673814248127 -0.20676815328560344 0.7874419675337306
0.23581675703470079 -0.4749027658363737 -0.3377446899567258 0.8126474557930989
0.2589495849182554 -0.4607946564142029 -0.3533416660917956 0.8141363225059987
0.2406718675861304 -0.756154428890867 0.11129479420087414 0.6448596346899931
0.24042561844292104 -0.5057211788823281 -0.3022831459304975 0.8080043248128256
0.24555001808826366 -0.74748003903089 0.08921375809519524 0.6582662809356951
0.27489652526049074 -0.45534472593267217 -0.35926535555580386 0.8146100814884756
0.24262655600816713 -0.47559838416002204 -0.33696565787019417 0.8125640420302165
0.2463705552422376 -0.5235355561635389 -0.2808489292489209 0.8043844854124601
0.2365724480707118 -0.5327819868545836 -0.2694331529700707 0.802215139824654
0.24362305490685737 -0.6379115061830876 -0.12240768298967317 0.7603191891727609
0.24000000000000007 -0.816496580927726 0.408248290463863 0.40824829046386313
0.23603591096302462 -0.7071067811865478 7.461819364399657e-16 0.7071067811865471
0.22657952069716772 -0.4082482904638652 -0.40824829046386096 0.8164965809277263
0.23628984659332813 -0.5327381794091316 -0.2694877233993487 0.8022259028084796
0.24759325003039995 -0.6514207606441254 -0.10059730721285888 0.7520180678569838
0.24464555873544047 -0.4883130399127113 -0.32255573620933287 0.8108687761220443
0.2454764218612615 -0.7071067811865471 -4.631401476321301e-16 0.7071067811865479
0.2312925170068027 -0.8164965809277261 0.40824829046386196 0.40824829046386424
0.2403628117913832 -0.8164965809277261 0.4082482904638629 0.40824829046386296
0.23686663663123364 -0.5328275860730034 -0.26937634558095386 0.8022039316539568
0.271473551882502 -0.5141694022256145 -0.2922079070308088 0.8063773092564227
0.2471302786345576 -0.6066112243991537 -0.16999885304950504 0.7766100774486591
0.24056817871201513 -0.45930335444236703 -0.3549681320980796 0.8142714865404471
0.2688934145744701 -0.8072790525056727 0.29768954494487215 0.5095895075607998
0.24883560425074783 -0.6279927019796204 -0.13790947403931167 0.7659021760189324
0.25267417304706397 -0.5140808960012215 -0.2923142864605893 0.8063951824618111
0.2674119529871316 -0.7012755726811182 -0.011521610017697722 0.7127971826988161
0.2365724480707118 -0.5327819868545836 -0.2694331529700707 0.802215139824654
0.23861233143361676 -0.8101907829467904 0.3173846656694767 0.4928061172773138
0.25346722450509485 -0.560307280030961 -0.23418264487819643 0.7944899249091576
0.24444444444444438 -0.4082482904638633 -0.40824829046386313 0.816496580927726
0.26281086178935203 -0.7921180456440434 0.22456047669466817 0.5675575689493755
0.24056817871201513 -0.45930335444236736 -0.35496813209807954 0.8142714865404471
0.2623750283440934 -0.5836914411275245 -0.2026016741769276 0.7862931153044517
0.2936903505317276 -0.7543702527790441 0.10664096864154803 0.6477292841374963
0.23410107235135763 -0.6309851491852334 -0.13327608087561785 0.764261230060851
0.23949434969076738 -0.5406162825587311 -0.25959800727364324 0.8002142898323746
0.2417358662701729 -0.5463586156535123 -0.2522911455061438 0.7986497611596562
0.2541086690135352 -0.7693826908840056 0.14796849858081576 0.6214141923031898
0.24444444444444446 -0.8164965809277261 0.40824829046386296 0.408248290463863
0.2317464378809501 -0.6439528998872942 -0.11275737326896933 0.7567102731562635
0.25949211135222144 -0.5083098000022465 -0.29921284428495026 0.8075226442871966
0.2273690608131324 -0.5781829985157227 -0.21018629433056343 0.7883692928462863
0.2792303827018454 -0.6788579772260296 -0.053462707745457944 0.7323206849714873
0.2513341388953942 -0.48622769302232693 -0.3249415846781172 0.8111692777004439
0.2325456573323958 -0.788061813809449 0.20904730435703475 0.5790145094524136
0.24042561844292104 -0.5057211788823278 -0.3022831459304978 0.8080043248128257
0.25072886297376096 -0.7412493166611012 0.07412493166610976 0.6671243849949912
0.2594296657376199 -0.616837165261634 -0.1548674344946664 0.7717045997563003
0.23514515490719523 -0.7879074621434805 0.2084776589654847 0.5794298031779956
0.2327575809326873 -0.5790484225700773 -0.20900080638140647 0.7880492289514832
0.22995363131319596 -0.5785989072534193 -0.20961685037012462 0.7882157576235441
0.2358167570347008 -0.474902765836373 -0.33774468995672635 0.8126474557930996
0.24345273681049606 -0.7416009571794149 0.07496096934029742 0.6666399878391175
0.24883560425074794 -0.7659021760189328 0.13790947403931203 0.6279927019796202
0.26014587319416516 -0.7926408011555123 0.22664300002700258 0.5659978011285092
0.253455886137829 -0.8157302587670244 0.3772365692000437 0.4384936895669807
0.24811281971167265 -0.7519878297316321 0.10052027193126414 0.6514675578003672
0.24222574592390583 -0.47555735539735916 -0.33701163301958786 0.8125689884169467
0.24899976716061192 -0.5298635130993324 -0.2730584785982645 0.8029219916975965
0.25167815305966545 -0.7314657267581767 0.051537990834039336 0.6799277359241368
0.24226753875861093 -0.8160488060581697 0.3846094591197565 0.4314393469384127
0.23815350117842762 -0.8157679255921348 0.37801728100299337 0.4377506445891415
0.25012477738923966 -0.5070368636713425 -0.30072448797363605 0.8077613516449786
0.24460888188905908 -0.815045240649198 0.3653806961715899 0.4496645444776086
0.2417358662701729 -0.798649761159656 0.25229114550614373 0.5463586156535122
0.23174643788095012 -0.6439528998872939 -0.11275737326896941 0.7567102731562632
0.2446788365372985 -0.7286343474198833 0.04522629195366111 0.6834080554662223
0.2311111111111111 -0.8164965809277261 0.408248290463863 0.4082482904638631
0.23514515490719523 -0.7879074621434805 0.2084776589654847 0.5794298031779956
0.24513869003703317 -0.7286193339338616 0.045193074381506305 0.6834262595523554
0.2548408582742438 -0.5623204618025789 -0.2315256121630581 0.793846073965637
0.2472042612891305 -0.8161915514602835 0.38876927853999227 0.4274222729202916
0.29266819046524356 -0.8027950027617003 0.2724008438441846 0.5303941589175154
0.2299536313131959 -0.5785989072534183 -0.2096168503701262 0.7882157576235445
0.25012477738923966 -0.5070368636713425 -0.30072448797363605 0.8077613516449786
0.2613252275535761 -0.75490513944547 0.10802971837357467 0.6468754210718951
0.23174643788095006 -0.756710273156263 0.11275737326896888 0.6439528998872943
0.25524198170317364 -0.5200710699233225 -0.28507414360918143 0.8051452135325045
0.24390457277579147 -0.7415789354761361 0.07490855952741574 0.6666703759487207
0.22747440774850936 -0.5781999803583324 -0.2101630537518044 0.7883630341101365
0.2463705552422376 -0.8043844854124601 0.2808489292489199 0.5235355561635399
0.23627631418904677 -0.7419541066963938 0.07580239714060993 0.6661517095557842
0.23657244807071176 -0.8022151398246538 0.2694331529700695 0.532781986854584
0.2391468881706748 -0.5405613879603842 -0.2596674538463258 0.8002288418067101
0.2314902637249872 -0.5045112881512331 -0.30371312311907744 0.8082244112703104
0.23582766439909292 -0.8164965809277261 0.40824829046386274 0.4082482904638628
0.2558150312345926 -0.8149914323723471 0.36458040575094147 0.4504110266214057
0.24226753875861085 -0.4314393469384129 -0.3846094591197565 0.8160488060581695
0.2403666288659396 -0.5802594574970174 -0.20733808075171456 0.787597538248732
0.22675736961451243 -0.8164965809277257 0.4082482904638624 0.4082482904638635
0.2801611774915012 -0.7895856522610625 0.214748739008504 0.5748369132525589
0.24053082720165603 -0.6770096762317334 -0.05677155090383247 0.7337812271355659
0.2460369539915755 -0.6583052930217558 -0.08914820919546125 0.7474535022172167
0.2587514986144468 -0.48525743780543357 -0.32604861868941803 0.8113060564948519
0.2333191660457839 -0.7290115423895754 0.0460616971455457 0.6829498452440296
0.270465042768339 -0.7221319462031076 0.03107492897355884 0.6910570172295485
0.2469487263352821 -0.5545199607276722 -0.24175900759897057 0.7962789683266424
0.22915406303985997 -0.4742251815980053 -0.33850260866480086 0.8127277902628062
0.2678296530415407 -0.7524207623829947 0.10162478934217142 0.6507959730408235
0.22905898535287963 -0.6656496253817183 -0.07666625213459352 0.7423158775163121
0.24226753875861093 -0.8160488060581697 0.3846094591197565 0.4314393469384127
0.25129750763179604 -0.7555054530282052 0.10959487592329036 0.6459105771049155
0.26816608996539787 -0.815692546679606 0.37647348308289463 0.43921906359671137
0.249803107359477 -0.6876490694585634 -0.03742875109862895 0.7250778205571925
0.2578872169428088 -0.8159004537795486 0.3809347287128857 0.4349657250666625
0.23927014660345586 -0.6166256802153922 -0.15518427733121404 0.7718099575466061
0.250701199569344 -0.7555415170278456 0.1096891253581874 0.6458523916696585
0.24499999999999994 -0.7071067811865474 0.0 0.7071067811865477
0.245095334053937 -0.4883658821336634 -0.3224951632180048 0.8108610453516691
0.29928842471568484 -0.812820333284744 0.33938532535827665 0.4734350079264674
0.23895461550393632 -0.8101842366046617 0.31733605259749714 0.4928481840071646
0.249803107359477 -0.7250778205571928 0.03742875109862888 0.6876490694585635
0.23174643788095006 -0.643952899887294 -0.1127573732689693 0.7567102731562635
0.24713027863455758 -0.7766100774486591 0.16999885304950496 0.606611224399154
0.24298863731880266 -0.5806738142481276 -0.2067681532856033 0.7874419675337304
0.2671986169617883 -0.4909767455962224 -0.3194951459551411 0.8104718915513638
0.23130822481866356 -0.5044866614621482 -0.30374219633332883 0.808228857795477
0.27019287187302 -0.611139517067075 -0.16334533826892944 0.7744848553360042
0.24416960130643844 -0.8150473178544252 0.3654118762087064 0.4496354416457186
0.25220115561106854 -0.5601050245594261 -0.2344489659469916 0.794553990506417
0.22479192979524082 -0.5777667851793612 -0.2107556335658324 0.7885224187451936
0.24056817871201513 -0.4593033544423672 -0.3549681320980798 0.814271486540447
0.2679311375966508 -0.7071067811865476 2.347161848705782e-16 0.7071067811865474
0.25676366453121463 -0.6189295315171243 -0.1517235648201667 0.7706530963372908
0.229345924139427 -0.6656698040989181 -0.07663156047608298 0.742301364575001
0.2639648149101725 -0.7798031842000872 0.1803061593407553 0.5994970248593319
0.24187860633155345 -0.6123321056295198 -0.16158072089029626 0.773912826519816
0.249803107359477 -0.7250778205571926 0.03742875109862869 0.6876490694585636
0.24079097280395118 -0.5057706947343156 -0.30222455459908915 0.8079952493334043
0.23275758093268728 -0.5790484225700762 -0.20900080638140778 0.7880492289514837
0.25160583223429667 -0.5600098432710113 -0.23457425748048108 0.7945841007514927
0.25508042411306514 -0.7787636988573077 0.17690755449732926 0.6018561443599777
0.2615545935425744 -0.7863416812802015 0.20277632861029074 0.5835653526699109
0.26123937040323386 -0.7642970478676996 0.1333765058821027 0.6309205419855973
0.26984213911110055 -0.5270184009707168 -0.2765729263978608 0.8035913273685773
0.256270687119496 -0.5432555101044453 -0.2562501551276495 0.799505665232095
0.24341743549957687 -0.5807414343580272 -0.20667509541257803 0.7874165297706055
0.23828377059705755 -0.4927657426208754 -0.3174313198682458 0.8101970624891212
0.25140421528815315 -0.8145283800001286 0.35819649563019745 0.45633188436993116
0.24226753875861082 -0.43143934693841296 -0.3846094591197565 0.8160488060581697
0.24042561844292104 -0.8080043248128255 0.3022831459304973 0.5057211788823276
0.2481128197116726 -0.6514675578003675 -0.10052027193126385 0.7519878297316313
0.2750451065219658 -0.585620893537004 -0.19992287541469506 0.7855437689516996
0.2655246346461776 -0.8155241284996895 0.3732613848925372 0.44226274360715284
0.23011211236383092 -0.5786243611150218 -0.2095819831116731 0.788206344226695
0.23914688817067475 -0.8002288418067103 0.2596674538463252 0.5405613879603849
0.2615351498383601 -0.7977589536422837 0.24826244952118384 0.5494965041211001
0.24811699499390405 -0.4986851523227657 -0.31055459220046416 0.8092397445232303
0.2536547581831535 -0.5394498137921327 -0.2610720635170325 0.8005218773091659
0.27513931063725106 -0.518478529611155 -0.2870070264854399 0.8054855560965948
0.2679458350849111 -0.8149313755137759 0.3637033763186357 0.4512279991951407
0.25012477738923966 -0.5070368636713425 -0.30072448797363605 0.8077613516449786
0.2381535011784276 -0.8157679255921351 0.37801728100299353 0.4377506445891413
0.2475969798325107 -0.8092509361384302 0.3106324270007083 0.4986185091377216
0.2543030169365229 -0.539550745829764 -0.2609446516799216 0.8004953975096857
0.2299536313131959 -0.5785989072534183 -0.2096168503701262 0.7882157576235445
0.24143805435585786 -0.7561071763396723 0.11117074230720683 0.6449364340324653
0.26316143584515306 -0.7570973583653873 0.11377954868007142 0.6433178096853154
0.25146556868724257 -0.7678294161914158 0.1434391568989971 0.6243902592924193
0.24694872633528203 -0.7962789683266424 0.2417590075989704 0.5545199607276721
0.23810055293146493 -0.7228980477861087 0.03271842084509491 0.6901796269410134
0.25014660092201046 -0.8154669064307424 0.3722328421332154 0.4432340642975267
0.2695090263928262 -0.6476443991623096 -0.10677918125182423 0.754423580414134
0.24496112941912326 -0.6091661978249295 -0.1662538235677492 0.7754200213926787
0.2664672719443718 -0.7128055640718463 0.011538793090769413 0.7012667709810766
0.23667614057458883 -0.6225206936402996 -0.1462885461871441 0.7688092398274438
0.24700545641666127 -0.8138016114516767 0.3494969478503412 0.464304663601336
0.24143805435585786 -0.7561071763396723 0.11117074230720683 0.6449364340324653
0.2691236833511595 -0.5704297326394903 -0.22070749935569123 0.7911372319951813
0.251143818877094 -0.8162751742609872 0.39167156411652043 0.4246036101444666
0.2313082248186636 -0.5044866614621478 -0.3037421963333294 0.808228857795477
0.22660088000341755 -0.7071067811865475 0.0 0.7071067811865476
0.25207623094828013 -0.7155740430139869 0.01725017809139066 0.6983238649225961
0.23401708154789416 -0.5216982552600956 -0.2830931467373054 0.8047914019974012
0.23686663663123364 -0.5328275860730034 -0.26937634558095386 0.8022039316539568
0.2418786063315535 -0.61233210562952 -0.16158072089029665 0.7739128265198162
0.2688888888888888 -0.7071067811865475 2.482572916310679e-16 0.7071067811865474
0.24865410332139268 -0.7519563630234372 0.10044012410145149 0.6515162389219857
0.24943310657596368 -0.4082482904638632 -0.408248290463863 0.816496580927726
0.24759697983251067 -0.498618509137721 -0.310632427000709 0.80925093613843
0.2594296657376199 -0.616837165261634 -0.1548674344946664 0.7717045997563003
0.25226321774024474 -0.8016118368829506 0.26640410585378715 0.5352077310291639
0.22474147207279552 -0.5777586211018102 -0.21076679601543377 0.7885254171172437
0.24449911644136804 -0.609101421534799 -0.16634905957998103 0.7754504811147798
0.2430437568262468 -0.47564110220890815 -0.33691778624317803 0.8125588884520869
0.2658007540755157 -0.7800893897562595 0.18124956085369998 0.5988398289025598
0.24700545641666133 -0.46430466360133615 -0.3494969478503404 0.8138016114516766
0.2462244056425128 -0.8161925405743548 0.38880112755421115 0.4273914130201432
0.25267417304706397 -0.5140808960012215 -0.2923142864605893 0.8063951824618111
0.23843022296292365 -0.7228898783437435 0.03270086266078758 0.6901890156829562
0.2342585458137312 -0.5217341934730727 -0.28304932471142086 0.8047835181844936
0.2501350352278747 -0.5576322262781064 -0.23769596335296073 0.7953281896310676
0.2274744077485095 -0.578199980358331 -0.21016305375180602 0.7883630341101372
0.23861233143361676 -0.4928061172773131 -0.31738466566947743 0.8101907829467904
0.261239370403234 -0.7642970478677001 0.13337650588210279 0.6309205419855972
0.24433695069246847 -0.7973591951246529 0.24648322617777424 0.5508759689468783
0.2524214021413633 -0.7782064776782076 0.17510321880462332 0.6031032588735842
0.2365724480707118 -0.5327819868545836 -0.2694331529700707 0.802215139824654
0.23571767151672712 -0.7419818686219563 0.075868620723539 0.6661132478984173
0.25920000000000004 -0.7071067811865476 2.1250078250150735e-17 0.7071067811865474
0.23807187808392777 -0.5798955793603632 -0.20783814601781658 0.7877337253781795
0.2651820499340981 -0.65423722698623 -0.09594194732415927 0.7501791743103888
0.2363895126903897 -0.6224838191866456 -0.14634460806001168 0.7688284272466578
0.25305042651981424 -0.6031936658171712 -0.174972208404981 0.7781658742221523
0.243138535214401 -0.7193993995968236 0.025262294751073555 0.69413710484575
0.2358167570347008 -0.4749027658363728 -0.33774468995672663 0.8126474557930997
0.2581464945966704 -0.7865434783717139 0.20350341339571387 0.583040064976
0.24271107049286125 -0.7194076977746218 0.025279831677177844 0.6941278660974444
0.2427110704928612 -0.694127866097445 -0.025279831677176758 0.7194076977746214
0.2369746045549842 -0.7687892682020884 0.14623020387903748 0.6225590643230509
0.25664637527016704 -0.6372728020644199 -0.12341849579817489 0.7606912978625949
0.24720426128913048 -0.42742227292029217 -0.388769278539992 0.8161915514602839
0.24670453317364152 -0.816192056245442 0.38878552602211125 0.42740653022333064
0.24444444444444446 -0.8164965809277261 0.40824829046386296 0.408248290463863
0.24513869003703317 -0.6834262595523553 -0.04519307438150589 0.7286193339338617
0.22901534186761288 -0.4742111054688603 -0.33851834408318887 0.8127294495520495
0.25420287621889287 -0.7867770885749436 0.20434791460657134 0.5824291739683725
0.24449911644136793 -0.6091014215347984 -0.1663490595799818 0.7754504811147795
0.24444444444444446 -0.8164965809277261 0.40824829046386296 0.408248290463863
0.24561775976136532 -0.6834451965736483 -0.045158517122425634 0.7286037136960741
0.23011211236383092 -0.5786243611150218 -0.2095819831116731 0.788206344226695
0.26042429098632225 -0.8029500219476677 0.2732040216945739 0.5297460002530936
0.26556120923814214 -0.7012583063255297 -0.011555317593626015 0.712813623919156
0.2688888888888888 -0.7071067811865474 -9.494612731407653e-17 0.7071067811865477
0.23167974612963932 -0.5045369227700548 -0.30368285858039246 0.8082197813504476
0.2545189333029714 -0.7225006427734563 0.031865112408005804 0.6906355303654509
0.2403666288659396 -0.5802594574970179 -0.2073380807517141 0.7875975382487319
0.2533398116581525 -0.7457167495761368 0.0848828601150313 0.660833889461106
0.2554944182388616 -0.7366084954969256 0.0632535252918254 0.6733549702051006
0.2615545935425745 -0.7863416812802018 0.20277632861029074 0.5835653526699107
0.23627631418904665 -0.666151709555783 -0.07580239714061099 0.7419541066963943
0.22905898535287963 -0.6656496253817183 -0.07666625213459352 0.7423158775163121
0.23548635140330645 -0.7071067811865474 1.0053445738653465e-16 0.7071067811865475
0.250701199569344 -0.6458523916696582 -0.10968912535818767 0.7555415170278457
0.2338658443632046 -0.7642768022324691 0.13331973787534473 0.6309570643571244
0.2503442286400731 -0.6047390030172657 -0.17272843962799456 0.7774674426452605
0.22484445004775308 -0.5777752823609735 -0.21074401546220767 0.7885192978231809
0.2402009156892413 -0.8142741236177541 0.3550003309475758 0.4592737926701781
0.250701199569344 -0.7555415170278454 0.10968912535818737 0.6458523916696581
0.2354108304934941 -0.5794721626683084 -0.2084195264024096 0.787891689070718
0.23354378426854158 -0.7290039633272052 0.04604489493146478 0.68295906839574
0.25765879640448736 -0.5021046908965227 -0.3065480128145183 0.8086527037110411
0.2414380543558579 -0.7561071763396723 0.11117074230720748 0.6449364340324648
0.2418786063315535 -0.6123321056295197 -0.16158072089029663 0.773912826519816
0.2335437842685416 -0.6829590683957403 -0.04604489493146471 0.7290039633272051
0.2620611265691233 -0.6310153332346176 -0.1332291570523151 0.764244490286933
0.23881313071375104 -0.5405086495900917 -0.25973416544669636 0.8002428150367883
0.24506610633545645 -0.44969484881550525 -0.3653482272295664 0.8150430760450718
0.240530827201656 -0.7337812271355659 0.05677155090383237 0.6770096762317335
0.26984213911110055 -0.5270184009707172 -0.27657292639786096 0.8035913273685777
0.2505766460854844 -0.42458836276832745 -0.3916872269814278 0.8162755897497553
0.2315543145028872 -0.6439331327816644 -0.11278921606581709 0.7567223488474814
0.24957031740934135 -0.5575418209871608 -0.23781435680286545 0.7953561777900261
0.2417358662701729 -0.5463586156535123 -0.2522911455061438 0.7986497611596562
0.23410107235135758 -0.6309851491852326 -0.13327608087561826 0.7642612300608512
0.24815201048660102 -0.73568114835877 0.06111604636633056 0.6745651019924398
0.27659990189199024 -0.6312356335198193 -0.1328865658620708 0.7641221993818904
0.2699220581599166 -0.6601544602713398 -0.08603221032187683 0.746186670593216
0.2654840269502565 -0.5689767507164845 -0.2226596236105834 0.7916363743270676
0.245095334053937 -0.4883658821336641 -0.3224951632180047 0.8108610453516686
0.250701199569344 -0.645852391669658 -0.10968912535818745 0.7555415170278457
0.22995363131319588 -0.7882157576235446 0.20961685037012714 0.578598907253418
0.2617812189785568 -0.7257417670546846 0.03887371430474263 0.686868052749942
0.2620917432470138 -0.6726886524102847 -0.06442678389241233 0.737115436302697
0.23603591096302462 -0.7071067811865478 7.461819364399657e-16 0.7071067811865471
0.23275758093268728 -0.5790484225700773 -0.2090008063814061 0.7880492289514834
0.23752857928136561 -0.43772054621434836 -0.3780488846097763 0.815769430824125
0.24406809807447144 -0.7602908067142633 0.12233070843201424 0.6379600982822484
0.2586154345955194 -0.4349972809559315 -0.38090174736508137 0.8158990283210129
0.22905898535287963 -0.6656496253817183 -0.07666625213459352 0.7423158775163121
0.24899976716061192 -0.5298635130993323 -0.2730584785982639 0.8029219916975965
0.2382837705970575 -0.810197062489121 0.31743131986824547 0.49276574262087536
0.2562716642595374 -0.47700160098257227 -0.3353912664473038 0.8123928674298764
0.23401708154789413 -0.8047914019974013 0.2830931467373065 0.5216982552600947
0.27085461499431013 -0.5714850056923414 -0.21928587873413088 0.790770884426472
0.23425854581373112 -0.8047835181844932 0.28304932471142 0.521734193473073
0.2544224740190225 -0.7788059303231173 0.1770447956220811 0.6017611347010365
0.2377840230057148 -0.7229058991959071 0.03273529616142451 0.6901706030344826
0.2549302361886 -0.4225275466223691 -0.3938005656305193 0.8163281122528886
0.2544671064826546 -0.46752528361321166 -0.3459485637835476 0.8134738473967597
0.23783478930440882 -0.4377352919392884 -0.3780334016447151 0.8157686935840036
0.2403666288659396 -0.5802594574970171 -0.2073380807517145 0.7875975382487321
0.26205727152801905 -0.49257352190919423 -0.3176533902454032 0.8102269121545975
0.2402009156892413 -0.45927379267017837 -0.3550003309475756 0.8142741236177545
0.22905898535287963 -0.6656496253817183 -0.07666625213459352 0.7423158775163121
0.24148771815019726 -0.6122781971938535 -0.16166059884930267 0.7739387960431556
0.25191843960627214 -0.48629467557685885 -0.32486508846578377 0.8111597640426429
0.26205727152801905 -0.49257352190919423 -0.3176533902454032 0.8102269121545975
0.23828377059705755 -0.4927657426208754 -0.3174313198682458 0.8101970624891212
0.22905898535287966 -0.7423158775163116 0.07666625213459195 0.6656496253817193
0.24663357973556274 -0.6065407020368633 -0.17010189423837682 0.7766425962752399
0.23914688817067478 -0.5405613879603838 -0.25966745384632606 0.8002288418067105
0.2501431017131105 -0.7412773924583763 0.07419161735576968 0.6670857751026066
0.2274744077485095 -0.7883630341101368 0.21016305375180494 0.5781999803583318
0.24460888188905905 -0.4496645444776084 -0.3653806961715898 0.8150452406491978
0.2596562725687183 -0.5466909000776405 -0.25186574065424266 0.7985566407318828
0.24222574592390583 -0.47555735539735916 -0.33701163301958786 0.8125689884169467
0.25228530040408587 -0.679955027878711 -0.05148879373838909 0.7314438216170998
0.24957031740934132 -0.7953561777900261 0.23781435680286578 0.5575418209871608
0.25508042411306503 -0.7787636988573075 0.17690755449732923 0.6018561443599783
0.24460888188905905 -0.4496645444776084 -0.3653806961715898 0.8150452406491978
0.2400000000000001 -0.4082482904638636 -0.4082482904638626 0.816496580927726
0.2313082248186636 -0.504486661462148 -0.3037421963333293 0.8082288577954772
0.24846017389502056 -0.5297814966389186 -0.27316006188741193 0.802941558526331
0.24020091568924126 -0.45927379267017865 -0.3550003309475758 0.8142741236177542
0.23341133133248476 -0.8150974477761158 0.36617103700676595 0.44892641076935025
0.24341743549957684 -0.5807414343580277 -0.20667509541257761 0.7874165297706053
0.2273690608131325 -0.5781829985157232 -0.21018629433056302 0.7883692928462861
0.23410107235135752 -0.6309851491852331 -0.13327608087561815 0.7642612300608511
0.24825527733528888 -0.7871296124048327 0.2056280350357203 0.5815015773691123
0.2418786063315535 -0.6123321056295199 -0.16158072089029654 0.7739128265198162
0.25207623094828013 -0.6983238649225963 -0.01725017809138998 0.7155740430139865
0.23667614057458888 -0.7688092398274439 0.14628854618714401 0.6225206936402996
0.2501247773892396 -0.5070368636713428 -0.3007244879736358 0.8077613516449785
0.25442222222222227 -0.7071067811865471 -2.8856403719596626e-16 0.7071067811865478
0.2359913298623717 -0.7419682641156834 0.07583616698969277 0.6661320971259908
0.22901534186761285 -0.47421110546886036 -0.3385183440831888 0.812729449552049
0.24079097280395126 -0.5057706947343159 -0.3022245545990884 0.8079952493334042
0.23609454329519186 -0.4749310807634233 -0.3377129983292397 0.812644079092663
0.23603591096302462 -0.707106781186547 -7.268617748349689e-16 0.7071067811865476
0.2503442286400731 -0.7774674426452607 0.1727284396279946 0.604739003017266
0.22901534186761288 -0.812729449552049 0.338518344083189 0.47421110546886003
0.2340170815478941 -0.5216982552600946 -0.28309314673730673 0.8047914019974014
0.24489795918367344 -0.40824829046386324 -0.408248290463863 0.816496580927726
0.2525266765433062 -0.4863644237384463 -0.32478542408477795 0.8111498478232244
0.25034422864007316 -0.6047390030172657 -0.1727284396279949 0.7774674426452607
0.2386123314336167 -0.4928061172773134 -0.3173846656694769 0.8101907829467904
0.24815201048660096 -0.73568114835877 0.06111604636633063 0.674565101992439
0.23377768219567063 -0.6829686654320446 -0.04602741101373757 0.7289960764457817
0.22479192979524082 -0.7885224187451942 0.21075563356583454 0.5777667851793596
0.24341743549957684 -0.5807414343580278 -0.20667509541257756 0.7874165297706051
0.23603591096302462 -0.707106781186547 -7.268617748349689e-16 0.7071067811865476
0.263108312400152 -0.5993730389871462 -0.1804842523173368 0.779857291304483
0.23914688817067475 -0.8002288418067103 0.2596674538463252 0.5405613879603849
0.24074074074074073 -0.5803186706027752 -0.2072566680724191 0.7875753386751944
0.2544671064826546 -0.4675252836132116 -0.34594856378354766 0.8134738473967593
0.23434599973896372 -0.6310143741666984 -0.13323064806793097 0.7642450222346292
0.24313853521440093 -0.7193993995968228 0.02526229475107247 0.6941371048457508
0.23555555555555555 -0.4082482904638632 -0.4082482904638629 0.816496580927726
0.24751203067481103 -0.8137972497141275 0.34944840929356624 0.4643488404205603
0.23807187808392774 -0.5798955793603624 -0.2078381460178171 0.78773372537818
0.25382081689536434 -0.8134800213329596 0.3460136476180033 0.46746637371495636
0.2354108304934941 -0.5794721626683096 -0.20841952640240777 0.7878916890707173
0.2674119529871315 -0.712797182698816 0.0115216100176976 0.7012755726811186
0.24980310735947697 -0.6876490694585637 -0.03742875109862862 0.7250778205571924
0.24298863731880266 -0.5806738142481276 -0.2067681532856033 0.7874419675337304
0.2368666366312337 -0.5328275860730027 -0.2693763455809544 0.8022039316539571
0.23582766439909297 -0.8164965809277263 0.40824829046386263 0.4082482904638635
0.2626177904526018 -0.4554384642528203 -0.3591639367916243 0.8146024010444447
0.23697460455498418 -0.6225590643230504 -0.14623020387903773 0.7687892682020885
0.24117129364255052 -0.505822242686645 -0.3021635530047236 0.8079857956913685
0.24173586627017288 -0.5463586156535124 -0.2522911455061435 0.7986497611596559
0.2663294315011092 -0.5045124703926291 -0.30371172738223556 0.8082241977748654
0.22901534186761288 -0.4742111054688603 -0.33851834408318887 0.8127294495520495
0.24556352268907738 -0.48842089981179376 -0.3224320903876098 0.8108529901994037
0.23138507103521677 -0.7071067811865482 1.1703422753756966e-15 0.7071067811865471
0.23599132986237167 -0.6661320971259902 -0.07583616698969325 0.7419682641156837
0.2762861253176275 -0.7117535718076917 0.009387046136208376 0.702366525671483
0.2644681993428713 -0.41971669631325453 -0.3966714706708692 0.8163881669841235
0.27147756825498026 -0.7221090719284018 0.031025952082400027 0.6910831198460018
0.2302772265130149 -0.5786508743318568 -0.20954566264466706 0.7881965369765244
0.23999316502200005 -0.7071067811865478 9.261982360221127e-16 0.707106781186547
0.24789746065691654 -0.696623775606312 -0.020519356053712644 0.717143131660025
0.2724456920155184 -0.48461131633942234 -0.32678476000373635 0.8113960763431584
0.23927014660345586 -0.6166256802153917 -0.15518427733121454 0.7718099575466062
0.2362763141890467 -0.741954106696394 0.07580239714061067 0.6661517095557836
0.2356876588178972 -0.7878752542799156 0.2083589705815637 0.5795162836983523
0.25858173863945805 -0.6338194591769334 -0.12885329027353848 0.762672749450472
0.2477376037583808 -0.5814204804636174 -0.2057398264144677 0.7871603068780852
0.2558150312345926 -0.45041102662140536 -0.3645804057509416 0.8149914323723473
0.22901534186761285 -0.47421110546886036 -0.3385183440831888 0.812729449552049
0.24228568230289527 -0.6123881994584495 -0.16149759345446724 0.7738857929129173
0.23843022296292365 -0.7228898783437435 0.03270086266078758 0.6901890156829562
0.23581675703470084 -0.4749027658363728 -0.3377446899567268 0.8126474557930995
0.2369746045549842 -0.7687892682020884 0.14623020387903748 0.6225590643230509
0.26565962157303574 -0.5372683911337047 -0.2638195647884018 0.8010879559221066
0.2706188953788049 -0.7858054029100038 0.20085478668349205 0.5849506162265115
0.2604240390201984 -0.7795684398501099 0.1795348782084891 0.6000335616416205
0.23167974612963932 -0.5045369227700548 -0.30368285858039246 0.8082197813504476
0.24104717011207077 -0.6448972735888119 -0.11123400049729812 0.7561312740861098
0.23548635140330645 -0.7071067811865475 2.2323586964999667e-16 0.7071067811865474
0.24187860633155348 -0.7739128265198159 0.16158072089029638 0.6123321056295197
0.24020091568924126 -0.4592737926701785 -0.3550003309475761 0.8142741236177542
0.26755237143732863 -0.7237199838521616 0.03448858399653919 0.6892313998556223
0.26702994052106754 -0.8149359766902663 0.36376998585175785 0.4511659908385084
0.2481128197116726 -0.6514675578003676 -0.10052027193126373 0.7519878297316316
0.25756022823760627 -0.7144010572080183 0.014821576133140814 0.6995794810748773
0.2574872051168845 -0.7706057585925684 0.151582803954051 0.6190229546385173
0.24883560425074785 -0.627992701979621 -0.1379094740393115 0.7659021760189325
0.24036662886593954 -0.5802594574970174 -0.2073380807517147 0.7875975382487319
0.23962269021475616 -0.6166729856446715 -0.15511341987812532 0.7717864055227969
0.24694872633528203 -0.554519960727672 -0.24175900759897062 0.7962789683266422
0.23815350117842765 -0.43775064458914115 -0.3780172810029934 0.8157679255921348
0.2534684668943246 -0.7694246893893042 0.14809189858183264 0.6213327908074714
0.25697390407995235 -0.543365656626552 -0.25611005000083814 0.79947570662739
0.2402009156892413 -0.8142741236177541 0.3550003309475758 0.4592737926701781
0.24405550092943806 -0.6090391678270866 -0.16644057261709935 0.7754797404441858
0.2410471701120708 -0.7561312740861108 0.11123400049730012 0.6448972735888109
0.24815201048660096 -0.6745651019924392 -0.06111604636633054 0.73568114835877
0.2525266765433062 -0.48636442373844635 -0.3247854240847782 0.8111498478232242
0.22905898535287966 -0.6656496253817188 -0.0766662521345932 0.7423158775163119
0.24020091568924123 -0.8142741236177543 0.35500033094757555 0.45927379267017854
0.23657244807071173 -0.5327819868545832 -0.26943315297007087 0.8022151398246541
0.2492470946240941 -0.725093120538025 0.0374619944844745 0.6876311260535505
0.22901534186761285 -0.47421110546886036 -0.3385183440831888 0.812729449552049
0.2312925170068027 -0.40824829046386385 -0.40824829046386213 0.816496580927726
0.25593831487301444 -0.6371960613091412 -0.1235398263415112 0.7607358876506524
0.27930658161230326 -0.484664633521512 -0.32672404666917154 0.8113886801906839
0.26545802053179557 -0.5043973629415951 -0.3038476072437067 0.808244970185302
0.25333981165815256 -0.7457167495761371 0.08488286011503134 0.6608338894611059
0.247512030674811 -0.8137972497141268 0.3494484092935667 0.46434884042056035
0.23752857928136561 -0.43772054621434836 -0.3780488846097763 0.815769430824125
0.24710954857825435 -0.6745086551613598 -0.061215941805017736 0.7357245969663772
0.2456181814647679 -0.5810878548412642 -0.2061981371531094 0.7872859919943738
0.2315543145028872 -0.6439331327816635 -0.11278921606581827 0.756722348847482
0.245153595978119 -0.5810148119119726 -0.20629873455977984 0.7873135464717526
0.24000733259888443 -0.58020256043291 -0.20741629902102424 0.7876188594539343
0.256646375270167 -0.7606912978625948 0.12341849579817504 0.6372728020644197
0.26632943150110916 -0.5045124703926297 -0.30371172738223556 0.8082241977748652
0.24406809807447147 -0.6379600982822488 -0.122330708432014 0.7602908067142631
0.25319992639926725 -0.46740980642411645 -0.34607613704704454 0.8134859434711612
0.24888888888888888 -0.816496580927726 0.4082482904638622 0.40824829046386313
0.24301934069495193 -0.7416221035601561 0.07501130256913491 0.6666108009910214
0.2335437842685415 -0.7290039633272045 0.046044894931463846 0.6829590683957404
0.2566506529434665 -0.6675110152230082 -0.07345670170565484 0.7409677169286631
0.26465778636100745 -0.4422155926822408 -0.373311270640686 0.8155268633229263
0.2652107452623398 -0.7301572744206217 0.04860941918431252 0.681547855236309
0.22915406303985997 -0.8127277902628065 0.33850260866480364 0.474225181598003
0.243138535214401 -0.7193993995968236 0.025262294751073555 0.69413710484575
0.2602582853723414 -0.5084140120669371 -0.29908893128263 0.8075029433495672
0.24271107049286125 -0.7194076977746218 0.025279831677177844 0.6941278660974444
0.23155431450288724 -0.6439331327816639 -0.11278921606581843 0.7567223488474821
0.24020091568924123 -0.4592737926701787 -0.35500033094757555 0.814274123617754
0.2532998493269995 -0.5141693164453406 -0.2922080101423809 0.8063773265877219
0.2377521400733899 -0.5798447865008315 -0.20790791687127005 0.7877527033721017
0.2299536313131959 -0.5785989072534197 -0.20961685037012462 0.788215757623544
0.2526850334732996 -0.7584381962802504 0.11734388583974287 0.6410943104405075
0.24883560425074783 -0.6279927019796206 -0.13790947403931175 0.7659021760189326
0.24067186758613043 -0.6448596346899937 -0.11129479420087292 0.7561544288908669
0.23810055293146495 -0.7228980477861087 0.03271842084509498 0.6901796269410133
0.2503442286400731 -0.6047390030172659 -0.1727284396279942 0.7774674426452604
0.2384994834628053 -0.75034917396817 0.0963698383804006 0.6539793355877696
0.2340170815478941 -0.5216982552600946 -0.283093146737307 0.8047914019974014
0.25282109984829 -0.5602040892834713 -0.23431853597548438 0.7945226252589553
0.22479192979524076 -0.5777667851793572 -0.21075563356583785 0.7885224187451951
0.2623494411205499 -0.5496247377231167 -0.24809726555159362 0.7977220032747107
0.24304375682624677 -0.47564110220890843 -0.3369177862431781 0.8125588884520866
0.2749609480313312 -0.4902371818679069 -0.3203463762706113 0.8105835581385186
0.24173586627017288 -0.5463586156535125 -0.2522911455061437 0.7986497611596558
0.24588460685981667 -0.5234633345880406 -0.2809372953401775 0.8044006299282186
0.2653304531864582 -0.41973291595209844 -0.3966549426766906 0.8163878586287892
0.23582766439909297 -0.8164965809277263 0.40824829046386263 0.4082482904638635
0.24672035400946632 -0.6324676260127411 -0.13096695458505067 0.763434580597791
0.2602337066886879 -0.4458438501986246 -0.36946092908373185 0.8153047792823565
0.25451893330297143 -0.6906355303654509 -0.03186511240800566 0.7225006427734562
0.2493906762580105 -0.6280596084066327 -0.13780627914559043 0.7658658875522233
0.22915406303986002 -0.47422518159800486 -0.3385026086648012 0.8127277902628063
0.2525266765433062 -0.48636442373844635 -0.3247854240847782 0.8111498478232242
0.24561818146476794 -0.787285991994374 0.20619813715310945 0.5810878548412642
0.2473702819103542 -0.7171514923526939 0.020536839004068427 0.6966146533486249
0.23575555555555555 -0.7071067811865475 0.0 0.7071067811865476
0.2555333127246383 -0.5826356358669461 -0.2040626286562561 0.7866982645232022
0.22736906081313246 -0.788369292846286 0.21018629433056116 0.5781829985157245
0.2396226902147561 -0.6166729856446712 -0.15511341987812619 0.7717864055227966
0.24745856804617505 -0.5546016425289517 -0.24165270611359477 0.7962543486425463
0.24899976716061192 -0.5298635130993327 -0.27305847859826426 0.8029219916975965
0.2455635226890774 -0.4884208998117945 -0.3224320903876087 0.8108529901994033
0.28016117749150127 -0.7895856522610625 0.21474873900850378 0.5748369132525589
0.23386584436320462 -0.6309570643571244 -0.13331973787534487 0.7642768022324693
0.24341743549957687 -0.7874165297706055 0.20667509541257806 0.5807414343580274
0.250701199569344 -0.7555415170278454 0.10968912535818763 0.645852391669658
0.2493906762580105 -0.6280596084066326 -0.1378062791455908 0.7658658875522234
0.24226753875861085 -0.8160488060581694 0.38460945911975664 0.43143934693841296
0.24670453317364152 -0.816192056245442 0.38878552602211125 0.42740653022333064
0.2265795206971677 -0.8164965809277261 0.40824829046386296 0.408248290463863
0.2362898465933281 -0.5327381794091318 -0.2694877233993481 0.8022259028084796
0.2481128197116726 -0.6514675578003676 -0.10052027193126373 0.7519878297316316
0.24035555555555557 -0.7071067811865475 -4.4768530751414185e-16 0.7071067811865478
0.22736906081313246 -0.5781829985157247 -0.2101862943305608 0.7883692928462859
0.245153595978119 -0.5810148119119726 -0.20629873455977984 0.7873135464717529
0.2421370569885542 -0.5464225776948082 -0.25220928073378457 0.798631858428593
0.25191843960627214 -0.48629467557685885 -0.32486508846578377 0.8111597640426429
0.2508999409603161 -0.7869728295461521 0.20505784961616408 0.5819149799299883
0.28261644542730935 -0.5044286559713111 -0.3038106699022384 0.8082393258735497
0.22675736961451243 -0.8164965809277261 0.40824829046386296 0.408248290463863
0.23275758093268728 -0.5790484225700762 -0.20900080638140778 0.7880492289514837
0.24362305490685737 -0.6379115061830876 -0.12240768298967317 0.7603191891727609
0.2292985679356792 -0.474239845973983 -0.33848621524290057 0.8127260612168837
0.24036662886593962 -0.5802594574970175 -0.20733808075171445 0.7875975382487321
0.23541083049349415 -0.579472162668309 -0.2084195264024087 0.7878916890707176
0.22901534186761288 -0.812729449552049 0.338518344083189 0.47421110546886003
0.23962269021475616 -0.6166729856446713 -0.15511341987812574 0.7717864055227971
0.26505290008498383 -0.5522408878167109 -0.24471782404779127 0.7969587118645016
0.2558150312345926 -0.45041102662140536 -0.3645804057509416 0.8149914323723473
0.24555001808826366 -0.6582662809356948 -0.08921375809519533 0.7474800390308902
0.2587514986144468 -0.8113060564948514 0.32604861868941765 0.4852574378054344
0.24902799609914134 -0.7953830473895389 0.2379280862505359 0.5574549611390034
0.2574891601517007 -0.7932131494626048 0.2289471740413582 0.5642659754212469
0.27456421267970726 -0.8158114708000308 0.37894484654421673 0.43686662425581424
0.2508999409603161 -0.7869728295461521 0.20505784961616408 0.5819149799299883
0.23425854581373112 -0.5217341934730729 -0.2830493247114201 0.8047835181844935
0.2351451549071953 -0.5794298031779964 -0.20847765896548465 0.7879074621434805
0.2403666288659396 -0.5802594574970179 -0.2073380807517141 0.7875975382487319
0.2559213337076461 -0.5201698373724536 -0.2849540755297252 0.8051239129021788
0.24421060733449595 -0.5157932301592525 -0.29025300664004033 0.806046236799293
0.22919950606510064 -0.6656595096605648 -0.07664925916047448 0.742308768821039
0.22915406303985997 -0.47422518159800503 -0.3385026086648006 0.812727790262806
0.2407407407407407 -0.5803186706027751 -0.20725666807241896 0.7875753386751941
0.23828377059705755 -0.4927657426208754 -0.3174313198682458 0.8101970624891212
0.23775214007338988 -0.7877527033721015 0.2079079168712702 0.5798447865008313
0.2559788738888153 -0.7493615030916058 0.09389078864966025 0.6554707144419455
0.2334113313324848 -0.8150974477761159 0.3661710370067654 0.4489264107693505
0.22995363131319585 -0.5785989072534198 -0.20961685037012417 0.7882157576235439
0.26840703938334537 -0.8130234225442223 0.34136045805424087 0.4716629644899817
0.23451010328294047 -0.8047753018611726 0.2830036690247491 0.5217716328364239
0.24764760557351687 -0.6066846031387655 -0.1698916196955338 0.7765762228342991
0.23120000000000007 -0.7071067811865476 0.0 0.7071067811865475
0.2520762309482802 -0.6983238649225963 -0.01725017809138993 0.7155740430139864
0.25694587952889264 -0.5020115625357262 -0.3066574623750443 0.8086690249107708
0.24670453317364158 -0.8161920562454426 0.38878552602211136 0.4274065302233307
0.245095334053937 -0.4883658821336634 -0.3224951632180048 0.8108610453516691
0.2368666366312337 -0.5328275860730027 -0.2693763455809544 0.8022039316539571
0.251143818877094 -0.42460361014446674 -0.39167156411652027 0.8162751742609867
0.23603591096302468 -0.7071067811865479 6.326342654093938e-16 0.7071067811865472
0.27048922776914325 -0.556733001859857 -0.23887258641758113 0.795605588277438
0.24173586627017288 -0.5463586156535125 -0.2522911455061437 0.7986497611596558
0.23120000000000002 -0.707106781186547 -1.3623961537275259e-15 0.707106781186548
0.233785114976423 -0.521663729688941 -0.28313524339394824 0.8047989730828895
0.24957480617911385 -0.5069621958565227 -0.30081304688949634 0.8077752427460193
0.23861233143361674 -0.4928061172773138 -0.3173846656694766 0.8101907829467905
0.23783478930440882 -0.43773529193928784 -0.3780334016447154 0.8157686935840033
0.25484085827424385 -0.7938460739656369 0.23152561216305778 0.5623204618025791
0.24460888188905908 -0.449664544477608 -0.3653806961715902 0.8150452406491981
0.2463705552422376 -0.5235355561635389 -0.2808489292489209 0.8043844854124601
0.2719518574094761 -0.5434892395795198 -0.2559528170487729 0.799442056628292
0.23111111111111116 -0.8164965809277265 0.40824829046386274 0.40824829046386313
0.23410107235135758 -0.6309851491852326 -0.13327608087561826 0.7642612300608512
0.24406809807447147 -0.6379600982822486 -0.12233070843201449 0.7602908067142633
0.2513397100910349 -0.7412200812832147 0.07405550379066292 0.667164577492552
0.2396226902147561 -0.6166729856446712 -0.15511341987812619 0.7717864055227966
0.2387738684280196 -0.6901987918421184 -0.03268257930375266 0.7228813711458706
0.23167974612963932 -0.5045369227700548 -0.30368285858039246 0.8082197813504476
0.2351451549071953 -0.5794298031779964 -0.20847765896548454 0.7879074621434805
0.25488116099892405 -0.7867369008538805 0.20420242116660034 0.5825344796872803
0.24943310657596368 -0.4082482904638632 -0.408248290463863 0.816496580927726
0.24091169328064518 -0.7337661165578565 0.056737181885735434 0.677028934672121
0.24554239704468633 -0.8150408184094753 0.36531438777639763 0.4497264306330778
0.22479192979524082 -0.5777667851793612 -0.2107556335658324 0.7885224187451936
0.2538208168953644 -0.4674663737149565 -0.34601364761800313 0.8134800213329598
0.2467203540094663 -0.763434580597791 0.13096695458505045 0.6324676260127409
0.27290677556891463 -0.6101802149571279 -0.16476101676842 0.7749412317255481
0.2492470946240941 -0.725093120538025 0.0374619944844745 0.6876311260535505
0.250701199569344 -0.7555415170278456 0.1096891253581874 0.6458523916696585
0.24460888188905908 -0.815045240649198 0.3653806961715899 0.4496645444776086
0.2475969798325106 -0.49861850913772143 -0.3106324270007087 0.8092509361384301
0.24555001808826363 -0.6582662809356946 -0.08921375809519524 0.7474800390308902
