0.39644831683168325 0.19025622772277226 
0.40191710891089105 0.2048650495049505 
0.3703471584158416 0.18738391089108913 
0.4220154158415842 0.21819733663366336 
0.3548710000000001 0.20113111881188117 
0.42678674257425747 0.22050319801980206 
0.38901384158415847 0.22188963366336634 
0.42352440594059415 0.24875795049504956 
0.3753164851485149 0.17416005940594062 
0.41555621782178215 0.20986825742574258 
0.3911858514851486 0.21416044554455443 
0.39484546534653475 0.19229248514851482 
0.3684617128712871 0.18554560396039607 
0.3608014752475247 0.19385196039603964 
0.37391417821782186 0.2266553663366337 
0.42204785148514856 0.21218859405940593 
0.3690947920792079 0.19055833663366337 
0.4256199504950496 0.15902388118811878 
0.36384756435643567 0.20009653465346539 
0.37247628712871284 0.2087299405940594 
0.3789490396039604 0.1946888118811881 
0.37761958415841584 0.23256340594059405 
0.3806983861386138 0.2073160693069307 
0.41065521782178216 0.18396941584158416 
0.3737883465346535 0.1925285544554455 
0.4368401683168317 0.21366188118811877 
0.4103845346534653 0.194159504950495 
0.4191681386138613 0.21272589108910891 
0.4095253861386139 0.2149426930693069 
0.4156305742574257 0.18497660396039597 
0.3634582970297029 0.18541620792079203 
0.38346497029702975 0.23385826732673268 
0.3689199207920792 0.1942414554455446 
0.3847467524752475 0.19837182178217824 
0.4182538613861387 0.217296702970297 
0.37002228712871293 0.1954898613861386 
0.38700601980198024 0.22329345544554455 
0.4228149405940595 0.22224166336633666 
0.4079435049504951 0.23498689108910895 
0.3847540495049505 0.1964724653465347 
0.42548623762376236 0.22556059405940596 
0.3637255841584158 0.21536923762376237 
0.3546193168316831 0.22027568316831683 
0.44245056435643576 0.22465594059405938 
0.3924986633663367 0.2318169306930693 
0.4185540990099009 0.2021198415841584 
0.4206522871287129 0.19954449504950497 
0.3898659504950495 0.22801208910891094 
0.403928900990099 0.22005952475247523 
0.4212420990099009 0.16941914851485143 
0.3881970396039604 0.24451325742574254 
0.38296542574257436 0.21371064356435637 
0.4315139405940593 0.19325453465346534 
0.4244664158415842 0.25424641584158414 
0.3863369306930693 0.21144555445544552 
0.39023775247524756 0.18244895049504953 
0.37430183168316833 0.19735165346534655 
0.41276687128712874 0.20371698019801973 
0.38120192079207926 0.1905388415841584 
0.4551404158415842 0.23157368316831684 
0.43262576237623757 0.18564754455445545 
0.4336649207920792 0.21043217821782179 
0.36597095049504946 0.21436802970297025 
0.41135971287128714 0.19737091089108907 
0.3535589207920792 0.21351309900990093 
0.4174250396039604 0.20858318811881182 
0.37159367326732673 0.18161816831683164 
0.3745996831683168 0.1873759900990099 
0.3785403762376238 0.22078522772277223 
0.4051921287128712 0.18213516831683166 
0.3622238712871287 0.17127518811881182 
0.38449573267326737 0.22452907920792076 
0.4371743465346534 0.21440463366336635 
0.4293557029702971 0.21605656435643564 
0.41465057425742574 0.19650150495049504 
0.36462000990099014 0.20171448514851484 
0.4371124455445544 0.2313360396039604 
0.38770992079207917 0.1725720792079208 
0.38251962376237614 0.20444022772277226 
0.3847334653465347 0.17663554455445543 
0.36238051485148504 0.19346095049504955 
0.38822643564356435 0.2177916534653465 
0.4067619702970297 0.23014051485148518 
0.37045000990099014 0.21071819801980196 
0.3964138217821782 0.2102921089108911 
0.3830547821782178 0.19941594059405943 
0.38913744554455443 0.18030837623762375 
0.4081387425742574 0.22942563366336638 
0.39187923762376237 0.1966458316831683 
0.40390023762376237 0.23014141584158415 
0.40662168316831676 0.21201970297029704 
0.3605265643564356 0.20420652475247522 
0.3761277326732674 0.1916779603960396 
0.37518947524752466 0.19254536633663363 
0.4075932475247525 0.21796514851485146 
0.4497399801980198 0.19625711881188118 
0.38482218811881186 0.2197739603960396 
0.3718113366336634 0.1777293366336634 
0.355080198019802 0.18981539603960398 
0.36805969306930697 0.17668126732673267 
