0.7328633762376235 0.5291563366336632 
0.885868079207921 0.5197394851485149 
0.7255399504950495 0.5661264653465345 
0.703472277227723 0.4654016534653466 
1.0876934158415843 0.5522987524752474 
0.816894099009901 0.6253211881188119 
0.919845405940594 0.49307968316831685 
0.8002819999999998 0.6137171584158416 
0.6145851782178218 0.44051846534653466 
0.9196264455445543 0.6115893762376238 
0.6788014356435643 0.46892877227722773 
1.1337962970297029 0.7040992673267327 
0.8825677425742574 0.5725941782178217 
0.8248069306930694 0.5219657326732674 
0.8264486435643564 0.6059463366336633 
0.8875010495049505 0.5789564257425742 
0.628215504950495 0.49648663366336643 
0.9070955742574259 0.5821946831683169 
0.7632292277227722 0.5947167128712871 
0.880080386138614 0.5362553465346535 
0.7000795742574256 0.5311883168316831 
0.7545777920792079 0.5406321089108911 
0.7773801485148515 0.579320702970297 
0.6565794950495049 0.5354356732673268 
0.9022199801980197 0.6312076534653466 
0.7909131386138614 0.5546805445544554 
0.9325021881188118 0.5100826732673267 
0.9544898118811881 0.5809336138613862 
0.6457808712871288 0.5036931188118813 
0.8340948712871288 0.6697355247524752 
0.9038200693069307 0.5925966831683169 
0.7992581188118812 0.5183408316831684 
0.9867535148514852 0.6918518811881186 
0.8604591287128712 0.5903816336633664 
0.6757763663366337 0.516209287128713 
0.7896637821782179 0.4942827128712871 
0.7831830693069308 0.5350346336633663 
0.8016433069306931 0.6003073267326733 
0.8238412772277226 0.6321575445544555 
0.7628751188118812 0.6084825148514853 
0.7791137920792078 0.5966158415841584 
1.272636415841584 0.6785500693069306 
0.8917309108910891 0.6201555148514852 
0.787675584158416 0.5499646435643565 
0.8494301089108908 0.6004373366336634 
1.0599316435643564 0.6469016732673267 
0.9008997029702969 0.5679502871287128 
0.8407217821782178 0.5411321881188118 
0.7075103564356434 0.5322407821782178 
0.7470095445544551 0.5178601881188118 
0.6704391089108909 0.4661276435643565 
0.7537653663366337 0.5270054554455446 
0.887937188118812 0.5123840792079207 
0.8318839999999997 0.5199734653465348 
0.8487957623762377 0.5258043366336633 
1.016931118811881 0.5261151782178218 
0.7878007227722773 0.5427243663366337 
1.036644594059406 0.6795525247524753 
0.8262217425742574 0.5979927623762376 
0.6994337920792079 0.5829945643564356 
1.0007402574257425 0.5118313465346535 
0.6538074455445545 0.499553396039604 
0.8172229405940594 0.5469274554455446 
0.7867675742574256 0.49389680198019803 
0.8779371089108913 0.5565564356435643 
0.801433108910891 0.5513443663366335 
0.6810785544554454 0.435521396039604 
0.772949306930693 0.5839032475247524 
0.8899312079207918 0.48395334653465344 
0.8910339504950496 0.6366383960396039 
0.7188132475247525 0.5410776237623762 
0.854514099009901 0.48053899009900997 
0.7435816831683171 0.5703052079207921 
0.7440340000000001 0.4848271485148514 
0.9746289603960396 0.6906646237623763 
0.7408411287128713 0.4985985742574257 
1.0407621782178218 0.6364669009900991 
0.8530986732673266 0.5607254752475248 
0.9384835148514854 0.6053539900990099 
0.7207879999999999 0.5006561188118812 
0.8974745346534654 0.6236514653465346 
0.8472866138613862 0.5741963861386138 
0.9038702475247524 0.6129607326732673 
0.8482997227722773 0.507605702970297 
0.8838025742574257 0.6338625445544555 
0.8182849702970298 0.5422744257425742 
0.8821829702970297 0.5738538811881189 
0.7069659504950495 0.4677976435643564 
0.7759984158415842 0.6101462277227724 
0.8209656930693071 0.5639446237623762 
0.8454496039603959 0.5868187326732675 
0.8425023564356435 0.5601274455445545 
0.8275596138613862 0.5286532871287128 
0.7005152673267327 0.5549622871287129 
0.7930799603960398 0.5688979504950495 
0.6507789603960396 0.5090929900990099 
0.7089449999999999 0.5214879801980198 
0.9038966930693071 0.5559941386138614 
0.7946123366336634 0.5094832772277228 
0.8923931683168316 0.5645296930693069 
