0.39426854455445537 0.1927433564356435 
0.3862510594059406 0.20305507920792085 
0.39764320792079205 0.20305755445544552 
0.3958686336633664 0.19619648514851484 
0.38599527722772276 0.19784573267326733 
0.3945416336633663 0.20006102970297027 
0.3868374653465346 0.19031396039603962 
0.395338297029703 0.19746021782178214 
0.39427256435643565 0.19253937623762374 
0.3964007623762376 0.1942440396039604 
0.3895241188118812 0.1928938811881188 
0.38415766336633667 0.19825334653465346 
0.38834246534653466 0.19988571287128712 
0.4004079702970297 0.1990768613861386 
0.39241884158415846 0.1927774158415842 
0.39767922772277237 0.20123438613861386 
0.39815743564356443 0.1978425841584158 
0.38823109900990094 0.1891599900990099 
0.40313396039603966 0.19557931683168314 
0.3971414851485149 0.20018773267326734 
0.3879688712871287 0.19815947524752478 
0.3797036534653465 0.19132191089108913 
0.38656154455445535 0.19813313861386136 
0.4056893861386139 0.1962886237623762 
0.3956031089108912 0.19641626732673273 
0.4026424158415841 0.19655920792079207 
0.4088604950495049 0.2018637425742574 
0.38199516831683156 0.1972050792079207 
0.392014099009901 0.19455983168316832 
0.39630951485148513 0.20116575247524754 
0.3900075445544554 0.20035628712871287 
0.4122425742574258 0.19070404950495048 
0.39315379207920786 0.19143384158415844 
0.3951584356435644 0.1918974653465347 
0.38568484158415844 0.19227048514851483 
0.3917856732673267 0.1902919306930693 
0.3769526039603961 0.19506289108910896 
0.40220990099009896 0.19762412871287124 
0.4044862178217821 0.19856124752475252 
0.38957977227722773 0.19911867326732674 
0.4070651089108912 0.19510696039603959 
0.38518299999999994 0.19607530693069306 
0.3958883960396039 0.19962854455445547 
0.3963449306930693 0.20037020792079208 
0.3873241683168316 0.19927636633663365 
0.39218628712871284 0.20269287128712873 
0.3833885940594059 0.19543768316831678 
0.3889795841584158 0.19886299009900987 
0.39661026732673266 0.19131600990099007 
0.3950403267326733 0.1944727623762376 
0.3946319900990099 0.2012658514851485 
0.3916272178217822 0.20342382178217824 
0.4071968811881189 0.204542198019802 
0.39781990099009895 0.19306732673267327 
0.3874103465346534 0.19898237623762371 
0.39240081188118814 0.20015387128712872 
0.39149080198019803 0.19573266336633668 
0.39668345544554456 0.1956210495049505 
0.3883699405940593 0.1979912277227723 
0.39479677227722765 0.19335541584158414 
0.39542866336633675 0.18980916831683173 
0.3920877128712872 0.20053422772277227 
0.3892822376237624 0.19984673267326727 
0.38889652475247516 0.20147056435643565 
0.403818603960396 0.20062042574257424 
0.40170454455445553 0.19861455445544554 
0.40653614851485154 0.20684220792079203 
0.38816274257425737 0.20158752475247518 
0.3828202673267326 0.19312255445544554 
0.3995237029702971 0.20064408910891085 
0.39386573267326735 0.20219451485148515 
0.389893792079208 0.18984394059405937 
0.3884776831683167 0.20658328712871285 
0.39439548514851486 0.1966092178217822 
0.39203270297029713 0.20628610891089108 
0.395576594059406 0.2024582871287129 
0.3989168514851485 0.19699331683168314 
0.3862033366336633 0.19512462376237621 
0.3957700693069307 0.1932058910891089 
0.39089604950495055 0.19437107920792082 
0.39308228712871285 0.19499843564356437 
0.38706743564356433 0.19194936633663368 
0.3913173663366336 0.1925611683168317 
0.39652715841584163 0.1976473564356436 
0.40006441584158425 0.1962317425742574 
0.38857619801980203 0.1998148613861386 
0.3964953861386139 0.1925526633663366 
0.39529278217821784 0.19854586138613856 
0.401504297029703 0.1952120495049505 
0.39605516831683163 0.20052943564356435 
0.39080383168316835 0.19929032673267325 
0.3854746336633663 0.19634030693069307 
0.3982839504950495 0.19222308910891087 
0.38046273267326725 0.19959283168316835 
0.3931112475247525 0.19454696039603958 
0.39633401980198024 0.19764425742574257 
0.3960507227722773 0.19798675247524752 
0.39652258415841585 0.19857978217821778 
0.39941668316831686 0.19679238613861388 
0.3911500792079207 0.19423068316831682 
