0.3805891386138614 0.19353132673267326 
0.38374726732673275 0.19201518811881188 
0.38364924752475243 0.1910478910891089 
0.3740133366336633 0.20314139603960396 
0.40131449504950495 0.21065130693069306 
0.4080720594059407 0.2063254752475248 
0.394362297029703 0.187034900990099 
0.4086448811881188 0.19762718811881186 
0.40000106930693063 0.2077239207920792 
0.39327749504950493 0.2015467722772277 
0.40138340594059413 0.1944418613861386 
0.39057605940594053 0.19752530693069306 
0.3821616237623762 0.184587 
0.3992951287128713 0.19581774257425744 
0.3913197227722771 0.18728803960396043 
0.37690009900990107 0.19719722772277226 
0.3888277425742574 0.1887601287128713 
0.4064856237623763 0.19050256435643564 
0.39965426732673265 0.20597285148514852 
0.38513915841584156 0.19304121782178219 
0.4105576633663366 0.2085567623762376 
0.4039962871287128 0.21308224752475247 
0.4124407425742574 0.20899870297029702 
0.3904511485148515 0.19204345544554458 
0.39523255445544553 0.19487592079207924 
0.37977930693069306 0.2071860198019802 
0.40703834653465343 0.20412841584158414 
0.401944118811881 0.21255893069306933 
0.3706945841584159 0.18631668316831684 
0.39165099999999997 0.20065281188118805 
0.39043775247524753 0.20121150495049503 
0.4160013762376236 0.2094179504950495 
0.4022628217821781 0.20118325742574264 
0.38526005940594066 0.19693757425742572 
0.3958475643564356 0.18303403960396042 
0.3890359603960397 0.18799865346534658 
0.3896549504950495 0.20526895049504948 
0.413146207920792 0.2062581287128713 
0.40146713861386146 0.1964527326732673 
0.3990102277227723 0.1892056336633663 
0.37095987128712876 0.1943798712871287 
0.3872628712871288 0.2007319207920792 
0.401051396039604 0.18702699009900994 
0.4050581188118812 0.19836459405940596 
0.4047490297029702 0.19011265346534656 
0.4004540099009901 0.20186872277227721 
0.39616986138613863 0.20305925742574252 
0.38638255445544567 0.19503940594059405 
0.3933251683168316 0.18461164356435644 
0.40681868316831693 0.18787206930693068 
0.4018270594059406 0.20014531683168313 
0.4063182079207921 0.19852474257425742 
0.39583107920792077 0.19593325742574258 
0.37090134653465345 0.20397772277227721 
0.395551198019802 0.19851901980198022 
0.3871620693069307 0.20320895049504947 
0.4125110891089108 0.2162663366336634 
0.3835294257425743 0.18696893069306936 
0.3893749504950495 0.19145235643564354 
0.39893947524752477 0.1919984653465346 
0.3936511881188119 0.21360126732673265 
0.38817789108910894 0.19984556435643566 
0.38732182178217817 0.19040861386138616 
0.3620786336633663 0.19139360396039604 
0.3974457326732674 0.20123518811881186 
0.3956978514851484 0.20209361386138613 
0.3894308019801981 0.20132698019801978 
0.40030265346534655 0.21009513861386145 
0.3784036732673267 0.21769672277227725 
0.37432606930693063 0.19948337623762374 
0.3887437029702971 0.1991843564356436 
0.3828498712871287 0.17967151485148514 
0.4172928712871287 0.19133679207920798 
0.38987773267326725 0.19134673267326732 
0.4034691683168318 0.18754573267326735 
0.38735100000000006 0.2095891188118812 
0.3917695742574258 0.1925598316831683 
0.3896837623762376 0.18993939603960397 
0.4015873366336633 0.2036347524752475 
0.37482000000000004 0.2006778415841584 
0.389047396039604 0.20414929702970297 
0.38714654455445546 0.19971450495049506 
0.3906596930693069 0.2107759900990099 
0.3890489801980198 0.19663850495049506 
0.4008725643564357 0.19918195049504953 
0.38940300990099 0.19469981188118812 
0.37327669306930694 0.19224007920792074 
0.3969810198019802 0.1984372673267327 
0.3881704455445545 0.1974673663366337 
0.37487993069306924 0.20650474257425744 
0.4050005643564357 0.19287344554455446 
0.4049257722772276 0.2026317920792079 
0.3911355049504951 0.20042620792079205 
0.3971359207920792 0.1983886237623763 
0.405159702970297 0.20094551485148515 
0.3905042574257426 0.20992128712871283 
0.38204856435643564 0.18818585148514852 
0.385752891089109 0.18754139603960396 
0.380214 0.20258602970297027 
0.3796145643564357 0.1975866237623762 
