0.010740924557577561
0.010140589032285534
0.010533203997205098
0.010886873712115901
0.010055822170120257
0.010683527877253211
0.010277456684135006
0.01039865092987025
0.010996266938636947
0.010215733896468996
0.00994107845026823
0.010303360394051915
0.010142423549905922
0.010213622495407713
0.01115503152028338
0.010577621340479564
0.010186370251127355
0.010014448174323428
0.009985938331769806
0.009950703092063761
0.010334435089679262
0.010151194032222295
0.010474764371352087
0.010291249353303812
0.01031308989780697
