0.05915966329578156
0.05037465074410231
0.05209989979342991
0.05730247369823686
0.06311252439563096
0.05377136796256154
0.06626820380170952
0.05286396325207803
0.05705211715329654
0.05629109214527962
0.05715257831534539
0.05671169261723743
0.04836178463591331
0.050700904770725835
0.0560283916648064
0.05616679852575377
0.04751453488591939
0.05497963949593247
0.04901223738173551
0.057129114497122706
0.05835323660488243
0.05954446154548209
0.05212651239351828
0.050827735063419456
0.05118282165983458
