0.012027680336745469
0.010432555194409866
0.010663815647088248
0.010963733424298008
0.010769731993136137
0.011716248708994202
0.010965085796668207
0.010643815152653476
0.01159161292882242
0.010712113083703343
0.011457029801460487
0.010058875620260846
0.011645766036336488
0.0111280182695188
0.013065606335302384
0.010156794765009174
0.011567515446291667
0.011070681800837843
0.012312505706082262
0.011175410005149752
0.011260548536219014
0.010774596939522476
0.01052853646822641
0.011437088407133233
0.011836802856091991
