0.02098718494412523
0.02193507834318306
0.021231362757275923
0.01676731218129844
0.019653114664407813
0.021898194445670656
0.018972558823791837
0.019895243816792762
0.024617426762711617
0.020251287443519478
0.01624978696191892
0.020780607100545623
0.01592812172217643
0.019290901153645065
0.024850735381806474
0.0191050574202455
0.016282181085503007
0.023282230388437825
0.022260482147824556
0.018095709608134627
0.01824460669074173
0.02376461879798286
0.019663659188693026
0.018109510898188984
0.018101995624532966
