0.20128003944923978 0.1023005105088787
0.19673993397235578 0.09852760897284839
0.19425696571120984 0.09547920819147482
0.1990320770433291 0.09790747318604869
0.19955184109882487 0.09711977026592235
0.20128797993786895 0.09335542473136256
0.1965839496062983 0.098870012692502
0.20568407417328696 0.09957465573088613
0.20537495437085201 0.0934763822918705
0.19674781292663956 0.10589369600484391
0.19371693394953657 0.0987138691055216
0.1984773066262681 0.09663602555418213
0.18846431740294056 0.09831657122441495
0.20133217629141015 0.09801867333821265
0.20146439119608434 0.10002416280654314
0.19996880867535335 0.10267565064071651
0.19467682324520216 0.09557481191137417
0.1989583463699007 0.0989107269208985
0.19714863801844526 0.10004333014662432
0.1953879729345201 0.09655401093516035
0.19230004260491462 0.09636406347908592
0.19369479198993136 0.09987970529422635
0.19280993551909523 0.1005923459296383
0.20160605569169673 0.0968976151699662
0.19691091621404624 0.10079176824045834
