0.19514422484324995 0.09722173052770562
0.20571665850073037 0.10589159011157652
0.1976374920492409 0.10046996900346433
0.18718176996853758 0.09397451790930716
0.19616243560986793 0.10706388079634672
0.18951694678084985 0.1182426067845239
0.21885789944901737 0.11080338410788693
0.22862900903367586 0.10743763812357926
0.18019089038748226 0.09159811869666938
0.18968544328960776 0.10809282375657314
0.19386084734424947 0.10150051039021031
0.1952914964929858 0.10529824117019124
0.2023191804069923 0.1011636437011228
0.18920915357303977 0.10509270461293449
0.18301479204292567 0.09449829164090082
0.19925813348682156 0.0953603430936548
0.19151215884655964 0.09836031730147035
0.19760018788176015 0.10507908056498656
0.19608827667744824 0.09270384693625212
0.20551447468160952 0.10536153466332153
0.20116018323905663 0.10704395309721994
0.18342392133714625 0.10059627622329231
0.19328284152093061 0.08587546108513534
0.22341669866642047 0.11420745468694149
0.18320748873468776 0.0955679875091286
