0.011432628043036344
0.01074159370397904
0.012130529521377297
0.011544218312973331
0.010782797426694865
0.010777866657191682
0.010706691602924248
0.010768717146341821
0.010976454599889393
0.011672964934846505
0.011336095464699842
0.010686135067785471
0.011068442588840221
0.010540472620392519
0.010432436459673133
0.010610158752413543
0.010411098081775573
0.010712128818850244
0.011090667964038218
0.012569325385467981
0.011033627598263086
0.01225786922713905
0.012071097802886066
0.011065644787297362
0.010214455610568274
