0.01793937581104899
0.019156942645985706
0.014101630790543685
0.014421002427796245
0.016748472615526717
0.01617620169958148
0.015169561772815908
0.016945343709046174
0.01563139989298238
0.014708207707067456
0.012251314113485984
0.015995965959740028
0.014388704877320638
0.018108920723273365
0.01611913458834439
0.017983192707716464
0.01566111973944745
0.019351682176775475
0.013531316762187799
0.016094801791411078
0.019195051343129495
0.016348215898530218
0.013757743028992398
0.016636827370940164
0.014714915593320832
