0.04485235971133971
0.042271542154007226
0.035909833293438914
0.0355313787928446
0.041734344860333394
0.045971536534342626
0.03362885600704138
0.03904457197087637
0.04080488246672884
0.039213314261813896
0.05084330145326437
0.04010611227807825
0.038367066142925704
0.04500345431115222
0.040922752504690525
0.04443718713468712
0.03548122948722992
0.0386428979587157
0.03499628820653147
0.04001935387981286
0.04799689530691395
0.04291572270247229
0.04133841041407179
0.039750542796482456
0.04532177370673875
