0.010425435369431937
0.010674569144862197
0.010678020221018618
0.011844339585945225
0.010163024907676493
0.010536269220571253
0.010598595150928173
0.010112555368190832
0.010599608890017183
0.011459429881804642
0.011449792626551528
0.01093098396958458
0.011088221654118999
0.010825757184942681
0.010300056998944616
0.01137342911266202
0.01064889917929285
0.01180198254112298
0.01119853274531303
0.01032904627074959
0.010408280190140073
0.00973122022483862
0.011634021669415616
0.010692294841842693
0.011097052129737637
