0.0323949815204776
0.03623515800461077
0.02868425180655915
0.024726726891844415
0.035125528317276465
0.03409368311975499
0.02931491778116038
0.037519018866884156
0.04256413409214093
0.02831414188909417
0.02816150502513728
0.030949133619839315
0.030638035280722804
0.03427908461546296
0.028307108264539207
0.029378023006111892
0.02915567408028063
0.034540207082950025
0.03501876693757731
0.03173293144445533
0.036394314217845516
0.027941932782380698
0.02728902114371835
0.028756447235226364
0.03040785143511719
