0.015013270504332444
0.013629556634845637
0.016403921830190234
0.01384769114247737
0.013953026106022382
0.014242322584174145
0.012171840430623335
0.012497727612695719
0.012754641929821646
0.013999601810889575
0.01380147274933329
0.012428511729824841
0.012044657761404863
0.014106420191410887
0.01373089654952317
0.014780280624911364
0.013101184988696836
0.015760005439276272
0.01289834248673232
0.014242964214778915
0.01413838729656135
0.01350105813018942
0.012679107760494964
0.00992904199968209
0.014460164540112303
