0.08535296520987577
0.10278710631487886
0.09484757354768034
0.09400884314363969
0.08580279672196618
0.09980995378990928
0.09154372792283313
0.09837200322600495
0.09631569033394878
0.09049504601295433
0.10926860443894461
0.10615501604096524
0.10192963595128976
0.08976194630309828
0.10319480072576728
0.11676462424869109
0.11315037761099266
0.09005285817467071
0.09519876968777914
0.09863101660064057
0.08945348051892937
0.09781874777707936
0.09300494550112494
0.09406246328407011
0.11881455893606284
