0.011307632625620274
0.014161537293519705
0.01238423551810712
0.013006063685505666
0.010802060750118107
0.01087615849218435
0.011665141501022016
0.01218403735679677
0.010852128542620175
0.012370247023675585
0.013474957346191623
0.010318491427468117
0.011130068107539706
0.011972480860789789
0.01240271345079558
0.01084077813726854
0.012096504484052587
0.01270670810794211
0.014241840340474583
0.011610458325558468
0.013019008192513047
0.012020709900879263
0.011642189539803642
0.012972524462672459
0.011778323854797728
