0.19719067045230362 0.09903457803429451
0.19967375971372814 0.09976134796656422
0.1991141871786644 0.09882884876292676
0.19824856503444266 0.10142973234850663
0.19997198181987524 0.10005382313295327
0.1975212872411291 0.09898938886889379
0.1980257928069958 0.09876208233841978
0.1966896522872266 0.09954749539497237
0.20237095601200747 0.10252490212412124
0.20002812636566336 0.09741182647208683
0.19827867655222556 0.10007341536545618
0.19795914722378805 0.09945527593711694
0.2016016970637564 0.09984325703200553
0.19876304380900212 0.10214445469029987
0.19870494519712362 0.10090310452886814
0.20061623015323843 0.10111761322527751
0.2002061817659107 0.09942556593439607
0.20102380814485996 0.09903993382839077
0.20022446869791102 0.10153539701812166
0.20067315156605525 0.09973266805829133
0.19917263627425225 0.10008084914426857
0.2005252654344993 0.10075710856064199
0.19688620329127202 0.09878983725197747
0.19893627899745073 0.10088706281820715
0.20287877626942247 0.10062726993006281
