0.07485010443743119
0.08237149384495748
0.08414848294339805
0.07046832981829826
0.0785890466034736
0.0642177119617212
0.08023548573185625
0.07307786122328479
0.054737336629223525
0.07016286834681676
0.08431380681972679
0.06620060597289706
0.07089817567683233
0.06964424404107815
0.06313999247609717
0.07219405965955136
0.061725943813320146
0.09796626763411947
0.07580112774446879
0.07855723383315087
0.07957322887548364
0.08338332316562007
0.08803877957343097
0.07859148431586026
0.08543240831998151
