0.01026063320290156
0.010716322318352494
0.010373079799993908
0.010179838589092707
0.01037159144229873
0.010485160515801112
0.01098235808082141
0.010051898991396828
0.010170828081851697
0.01016960765771779
0.01019846523477425
0.010538088367928274
0.010345507632296936
0.011339753435254406
0.010465169629528905
0.010262975661642295
0.01038801817888024
0.011044285678390154
0.009904228413529973
0.009851852900138972
0.010757940135764737
0.011063890578066957
0.010515970690760719
0.010612498955626014
0.010077949109528882
