0.019699660657328862
0.025145958788779146
0.023564366947319858
0.024453755141433366
0.022775289183033575
0.022613758543488176
0.024437021498533697
0.02410480743590502
0.018549652640157274
0.02228078708684968
0.027487472808890124
0.02068215621648799
0.0241635475557286
0.023430379183334668
0.027920829261035188
0.023976752230916654
0.02307477204906119
0.025976324756169192
0.02592050657037175
0.019426138221435473
0.025287463127362637
0.025458973099997485
0.021663802732805743
0.02769974943667233
0.0249605442491394
